"repeat_id"	"expt"	"analysis_type"	"true_base"	"b_base_lower"	"b_base_med"	"b_base_upper"	"true_sex"	"b_sex_p_value"	"b_sex_lower"	"b_sex_med"	"b_sex_upper"	"true_cond"	"b_cond_p_value"	"b_cond_lower"	"b_cond_med"	"b_cond_upper"	"true_sex_cond"	"b_sex_cond_p_value"	"b_sex_cond_lower"	"b_sex_cond_med"	"b_sex_cond_upper"
"1"	1	1	"anova"	0	0.428337254008256	0.468	0.507662745991744	0	0.479784451455467	-0.0360915933024832	0.02	0.0760915933024832	0	0.620550000632741	-0.0700915933024832	-0.014	0.0420915933024832	0	0.802432959333835	-0.0893254919834876	-0.01	0.0693254919834876
"2"	1	2	"anova"	0	0.442815615221847	0.487999999999999	0.533184384778152	0	0.420252975219526	-0.0379003697607469	0.0260000000000002	0.0899003697607472	0	0.709430244731453	-0.0519003697607469	0.0120000000000003	0.0759003697607474	0	0.692693813208394	-0.108368769556304	-0.0180000000000003	0.0723687695563039
"3"	1	3	"anova"	0	0.465396923647625	0.51	0.554603076352375	0	0.89982919129738	-0.0670782755010912	-0.00400000000000016	0.0590782755010909	0	0.571477479021752	-0.0450782755010913	0.0179999999999999	0.081078275501091	0	0.170332920767218	-0.151206152704749	-0.0619999999999998	0.0272061527047498
"4"	1	4	"anova"	0	0.452823984416654	0.496	0.539176015583347	0	0.948157028495447	-0.059060106807201	0.00199999999999984	0.0630601068072007	0	0.082195294440844	-0.00706010680720099	0.0539999999999999	0.115060106807201	0	0.216779093011812	-0.140352031166693	-0.0539999999999999	0.0323520311666933
"5"	1	5	"anova"	0	0.435218677882475	0.476	0.516781322117525	0	0.101518305901579	-0.00967349883011032	0.048	0.10567349883011	0	0.836406664784344	-0.0516734988301103	0.00600000000000009	0.0636734988301105	0	0.626687874839815	-0.101562644235051	-0.0200000000000001	0.0615626442350508
"6"	1	6	"anova"	0	0.445149186398219	0.488	0.530850813601781	0	0.694398176407984	-0.0726002017543603	-0.012	0.0486002017543604	0	0.5129638765995	-0.0406002017543606	0.0199999999999999	0.0806002017543604	0	0.816855036512035	-0.0957016272035623	-0.00999999999999993	0.0757016272035625
"7"	1	7	"anova"	0	0.475926175849673	0.516	0.556073824150327	0	0.484287098943854	-0.0366729456095472	0.02	0.0766729456095471	0	0.674420440161725	-0.0686729456095472	-0.012	0.0446729456095472	0	0.373824564445502	-0.116147648300654	-0.036	0.0441476483006544
"8"	1	8	"anova"	0	0.45037181684012	0.494	0.537628183159879	0	0.52048070003015	-0.0416995683263994	0.0199999999999999	0.0816995683263991	0	0.200545558415058	-0.0216995683263993	0.04	0.101699568326399	0	0.161099535572862	-0.149256366319759	-0.062	0.0252563663197593
"9"	1	9	"anova"	0	0.423488221705681	0.47	0.51651177829432	0	0.106171905832177	-0.0117775876739176	0.0539999999999998	0.119777587673917	0	0.279139547664211	-0.0297775876739175	0.036	0.101777587673918	0	0.0121507179057232	-0.213023556588639	-0.12	-0.0269764434113605
"10"	1	10	"anova"	0	0.450251951368738	0.486	0.521748048631261	0	0.530366992385445	-0.0665553752027029	-0.0159999999999999	0.0345553752027031	0	0.38882961266992	-0.0725553752027032	-0.0220000000000001	0.028555375202703	0	0.0548649087796438	-0.00149609726252306	0.0700000000000001	0.141496097262523
"11"	1	11	"anova"	0	0.459769615875944	0.506	0.552230384124056	0	0.303603835415472	-0.0313796362219581	0.034	0.099379636221958	0	0.332741077836047	-0.0973796362219583	-0.0320000000000002	0.033379636221958	0	0.636932612335388	-0.0704607682481123	0.0220000000000001	0.114460768248113
"12"	1	12	"anova"	0	0.415704993490507	0.468	0.520295006509493	0	0.555295481462886	-0.0519563074501148	0.0219999999999999	0.0959563074501147	0	0.0709797590171576	-0.00595630745011493	0.0679999999999999	0.141956307450115	0	0.621951414302902	-0.130590013018987	-0.0259999999999998	0.0785900130189869
"13"	1	13	"anova"	0	0.420680537728567	0.468	0.515319462271433	0	0.441441316007644	-0.0409198253084628	0.026	0.0929198253084628	0	0.858748613203515	-0.0609198253084629	0.00599999999999995	0.0729198253084628	0	0.426372170814368	-0.0566389245428664	0.0380000000000001	0.132638924542867
"14"	1	14	"anova"	0	0.422849328031785	0.474	0.525150671968215	0	0.742010946024233	-0.0603379740219464	0.012	0.0843379740219464	0	0.660806624620328	-0.0563379740219464	0.016	0.0883379740219465	0	0.535150959471459	-0.134301343936429	-0.0320000000000001	0.0703013439364292
"15"	1	15	"anova"	0	0.47237050238779	0.52	0.567629497612211	0	0.768278239958613	-0.0573582814922049	0.00999999999999992	0.0773582814922047	0	0.556029562929483	-0.0873582814922049	-0.0200000000000001	0.0473582814922048	0	0.617264886895523	-0.119258995224421	-0.0239999999999999	0.0712589952244208
"16"	1	16	"anova"	0	0.442161915130099	0.488	0.533838084869901	0	0.328645757690246	-0.0328248412962228	0.0319999999999999	0.0968248412962226	0	0.713386160415709	-0.0768248412962228	-0.012	0.0528248412962228	0	0.387581362009946	-0.131676169739802	-0.0399999999999999	0.0516761697398018
"17"	1	17	"anova"	0	0.449964213824304	0.496	0.542035786175695	0	0.714561958452135	-0.0771044331641766	-0.0119999999999999	0.0531044331641768	0	0.854853909729124	-0.0711044331641766	-0.00599999999999987	0.0591044331641769	0	0.897074909090337	-0.0980715723513916	-0.00600000000000011	0.0860715723513914
"18"	1	18	"anova"	0	0.448392562489349	0.488	0.527607437510651	0	0.436494645095944	-0.0340133752984071	0.022	0.0780133752984071	0	0.106053067426945	-0.102013375298407	-0.0460000000000001	0.0100133752984071	0	0.763695732635549	-0.0672148750213015	0.012	0.0912148750213015
"19"	1	19	"anova"	0	0.455006323168911	0.492	0.528993676831088	0	0.879371688912972	-0.0483169594965728	0.00400000000000018	0.0563169594965731	0	0.54426834465974	-0.0683169594965728	-0.0159999999999998	0.0363169594965731	0	0.26177799658645	-0.0319873536621776	0.0419999999999998	0.115987353662177
"20"	1	20	"anova"	0	0.474971719358329	0.518	0.561028280641672	0	0.794151784054014	-0.0688511780490471	-0.00800000000000007	0.052851178049047	0	0.896183827284917	-0.0568511780490472	0.00399999999999993	0.0648511780490471	0	0.580218082385379	-0.110056561283342	-0.0239999999999999	0.0620565612833425
"21"	1	21	"anova"	0	0.431933476286608	0.474	0.516066523713392	0	0.424200578572383	-0.0354910483573687	0.024	0.0834910483573687	0	0.231855027556123	-0.0234910483573688	0.036	0.0954910483573688	0	0.637243739450243	-0.104133047426784	-0.0199999999999999	0.0641330474267846
"22"	1	22	"anova"	0	0.466845658802497	0.512	0.557154341197503	0	0.576173496816702	-0.0458578817215309	0.018	0.0818578817215309	0	0.576173496816696	-0.0818578817215311	-0.0180000000000001	0.0458578817215309	0	0.860423529477518	-0.0983086823950059	-0.0079999999999999	0.0823086823950061
"23"	1	23	"anova"	0	0.484327398952395	0.526	0.567672601047606	0	0.0951742768957052	-0.108933957580887	-0.05	0.00893395758088703	0	0.501155851679095	-0.0789339575808871	-0.02	0.0389339575808871	0	0.924100444642001	-0.0793452020952112	0.00400000000000001	0.0873452020952112
"24"	1	24	"anova"	0	0.463969310132288	0.508	0.552030689867711	0	0.56649760241006	-0.0802687987715615	-0.018	0.0442687987715615	0	0.61030190418125	-0.0462687987715616	0.0159999999999999	0.0782687987715614	0	0.368496656538716	-0.128061379735423	-0.0399999999999999	0.0480613797354235
"25"	1	25	"anova"	0	0.469285284772527	0.51	0.550714715227473	0	0.679252114872934	-0.0695793024628502	-0.012	0.0455793024628503	0	0.170530531117391	-0.0975793024628503	-0.04	0.0175793024628503	0	0.495522826813875	-0.0534294304549455	0.028	0.109429430454945
"26"	1	26	"anova"	0	0.406228491279415	0.45	0.493771508720585	0	0.3374889514176	-0.0319022612781834	0.03	0.0919022612781834	0	0.160955241758409	-0.0179022612781834	0.044	0.105902261278184	0	0.190948102446643	-0.14554301744117	-0.0580000000000001	0.0295430174411698
"27"	1	27	"anova"	0	0.425144874118832	0.47	0.514855125881168	0	0.707397147020129	-0.0514347273630998	0.012	0.0754347273630997	0	0.707397147020118	-0.0754347273631	-0.0120000000000001	0.0514347273630997	0	0.626654655473878	-0.0677102517623353	0.0220000000000002	0.111710251762336
"28"	1	28	"anova"	0	0.403103653084456	0.444	0.484896346915544	0	0.172413760255236	-0.0178361684594778	0.0399999999999999	0.0978361684594776	0	0.218896145076942	-0.0218361684594778	0.036	0.0938361684594778	0	0.161939149920564	-0.139792693831088	-0.058	0.0237926938310885
"29"	1	29	"anova"	0	0.481042592397161	0.526	0.570957407602839	0	0.90061449278508	-0.0675793755610707	-0.00399999999999993	0.0595793755610709	0	0.0834198204091063	-0.119579375561071	-0.056	0.00757937556107084	0	0.125164942078922	-0.0199148152056789	0.07	0.159914815205679
"30"	1	30	"anova"	0	0.426458250247156	0.474	0.521541749752844	0	0.76786305587181	-0.0572341872794199	0.01	0.0772341872794199	0	0.177015843136193	-0.0212341872794199	0.046	0.11323418727942	0	0.867364698052014	-0.103083499505688	-0.00800000000000002	0.0870834995056883
"31"	1	31	"anova"	0	0.433839667088452	0.48	0.526160332911548	0	0.0623562920597757	-0.00328056884716794	0.0620000000000001	0.127280568847168	0	0.466282645770217	-0.041280568847168	0.0240000000000002	0.0892805688471683	0	0.199444702855769	-0.152320665823096	-0.0600000000000002	0.0323206658230955
"32"	1	32	"anova"	0	0.472416289781231	0.512	0.551583710218769	0	0.831531684218146	-0.0619798198404294	-0.00600000000000001	0.0499798198404294	0	0.831531684218146	-0.0499798198404295	0.00599999999999999	0.0619798198404295	0	0.342106490545628	-0.117167420437538	-0.038	0.0411674204375378
"33"	1	33	"anova"	0	0.478431908893346	0.526	0.573568091106654	0	0.952937860519857	-0.0652714395792285	0.00200000000000007	0.0692714395792287	0	0.26410949845832	-0.105271439579229	-0.038	0.0292714395792287	0	0.802322357078611	-0.0831361822133075	0.0119999999999999	0.107136182213307
"34"	1	34	"anova"	0	0.479557963107298	0.522	0.564442036892702	0	0.428294399239945	-0.0840221041883981	-0.024	0.0360221041883981	0	0.355776342795958	-0.0880221041883982	-0.028	0.0320221041883982	0	0.779045129386583	-0.0728840737854037	0.012	0.0968840737854036
"35"	1	35	"anova"	0	0.44568808181669	0.49	0.53431191818331	0	0.899174576274024	-0.0586665156696037	0.004	0.0666665156696038	0	0.70398172619524	-0.0746665156696038	-0.012	0.0506665156696038	0	0.686966654712809	-0.0706238363666198	0.018	0.10662383636662
"36"	1	36	"anova"	0	0.482263629118071	0.522	0.561736370881929	0	0.0594042592990607	-0.110195714620712	-0.054	0.00219571462071164	0	0.943676723005464	-0.0581957146207117	-0.00200000000000003	0.0541957146207116	0	0.396848651062036	-0.0454727417638584	0.034	0.113472741763859
"37"	1	37	"anova"	0	0.437459080696223	0.488	0.538540919303777	0	0.617419278796377	-0.0894756535342059	-0.018	0.0534756535342059	0	0.739013399716095	-0.0594756535342061	0.0119999999999999	0.0834756535342059	0	0.96866913065913	-0.0990818386075545	0.00200000000000005	0.103081838607555
"38"	1	38	"anova"	0	0.449537326995835	0.49	0.530462673004164	0	0.944686053394442	-0.059222860932357	-0.00199999999999995	0.0552228609323571	0	0.67736861825978	-0.0692228609323572	-0.0120000000000001	0.0452228609323571	0	0.433403776270384	-0.0489253460083289	0.0320000000000001	0.112925346008329
"39"	1	39	"anova"	0	0.471271164481141	0.514	0.556728835518859	0	0.431387980888998	-0.0844276986951799	-0.024	0.0364276986951799	0	0.64580498338877	-0.04642769869518	0.014	0.07442769869518	0	0.745106764778568	-0.0994576710377185	-0.014	0.0714576710377185
"40"	1	40	"anova"	0	0.48246540053904	0.524	0.565534599460959	0	0.735490015944282	-0.0487387938654233	0.00999999999999996	0.0687387938654233	0	0.418316389605855	-0.0827387938654234	-0.024	0.0347387938654233	0	0.417513041544215	-0.117069198921919	-0.0339999999999998	0.0490691989219194
"41"	1	41	"anova"	0	0.492979295650659	0.539999999999999	0.58702070434934	0	0.63315906914786	-0.0824973178031721	-0.0159999999999998	0.0504973178031725	0	0.212261407885494	-0.108497317803172	-0.0419999999999998	0.0244973178031725	0	0.865909053517204	-0.0860414086986804	0.00799999999999983	0.10204140869868
"42"	1	42	"anova"	0	0.430257662962532	0.476	0.521742337037467	0	0.143584444295334	-0.0166894334130275	0.048	0.112689433413028	0	0.199891588038748	-0.0226894334130275	0.0420000000000001	0.106689433413028	0	0.0856166633496736	-0.171484674074935	-0.0800000000000001	0.0114846740749348
"43"	1	43	"anova"	0	0.441239867222941	0.49	0.538760132777059	0	0.358283016711852	-0.0369572410764296	0.0320000000000001	0.10095724107643	0	0.817887748955257	-0.0609572410764296	0.00800000000000013	0.0769572410764299	0	0.416523831163586	-0.137520265554118	-0.0400000000000002	0.0575202655541178
"44"	1	44	"anova"	0	0.451544612477684	0.496	0.540455387522317	0	0.52825041778067	-0.0428694119546115	0.0199999999999999	0.0828694119546114	0	0.949646954594469	-0.0608694119546116	0.00199999999999992	0.0648694119546114	0	0.788804566390712	-0.0769107750446327	0.0120000000000001	0.100910775044633
"45"	1	45	"anova"	0	0.442777949749393	0.494	0.545222050250607	0	0.352845264447138	-0.106438918156965	-0.034	0.0384389181569645	0	0.352845264447138	-0.106438918156965	-0.0340000000000001	0.0384389181569645	0	0.0605274129111629	-0.00444410050121387	0.0980000000000001	0.200444100501214
"46"	1	46	"anova"	0	0.442381462027506	0.49	0.537618537972494	0	0.410204496123251	-0.0953427822210793	-0.0279999999999999	0.0393427822210794	0	0.906141611562814	-0.0633427822210794	0.00400000000000001	0.0713427822210794	0	0.299041941521343	-0.0452370759449883	0.05	0.145237075944988
"47"	1	47	"anova"	0	0.445777970446739	0.486	0.526222029553261	0	0.625409596672065	-0.0428825397003927	0.0139999999999999	0.0708825397003925	0	0.675550228766302	-0.0448825397003929	0.0119999999999998	0.0688825397003924	0	0.805123338038306	-0.0904440591065211	-0.0099999999999998	0.0704440591065215
"48"	1	48	"anova"	0	0.408790968362815	0.456	0.503209031637185	0	0.0600073945805599	-0.00276365280780745	0.0639999999999999	0.130763652807807	0	0.476209816183913	-0.0427636528078077	0.0239999999999998	0.0907636528078073	0	0.194869880352816	-0.15641806327437	-0.0619999999999997	0.0324180632743701
"49"	1	49	"anova"	0	0.455886354027306	0.498	0.540113645972694	0	0.207689938355922	-0.0215576892955628	0.0380000000000001	0.0975576892955629	0	0.549006199781349	-0.0775576892955629	-0.0179999999999999	0.041557689295563	0	0.671576541838402	-0.102227291945388	-0.018	0.066227291945388
"50"	1	50	"anova"	0	0.492516270867749	0.537999999999999	0.58348372913225	0	0.355882761732503	-0.0943237066061329	-0.0299999999999998	0.0343237066061333	0	0.388686556674718	-0.092323706606133	-0.0279999999999998	0.0363237066061334	0	0.458925502195831	-0.0569674582645016	0.0339999999999998	0.124967458264501
"51"	1	51	"anova"	0	0.491661350806373	0.532	0.572338649193628	0	0.128653991588016	-0.101047464777439	-0.0440000000000002	0.0130474647774384	0	0.188588139826152	-0.0950474647774388	-0.0380000000000002	0.0190474647774385	0	0.3265427202539	-0.0406772983872549	0.0400000000000003	0.120677298387255
"52"	1	52	"anova"	0	0.468696822385139	0.508	0.547303177614861	0	0.88640938440818	-0.0515830868272952	0.00399999999999992	0.059583086827295	0	0.943057007032979	-0.0535830868272953	0.00199999999999991	0.0575830868272951	0	0.649639251477795	-0.0966063552297221	-0.0179999999999999	0.0606063552297222
"53"	1	53	"anova"	0	0.410873277367395	0.466	0.521126722632605	0	0.0864031329719946	-0.0099609587962104	0.0679999999999999	0.14596095879621	0	0.683870586032382	-0.0619609587962105	0.0159999999999998	0.0939609587962102	0	0.718885204723585	-0.130253445265211	-0.0199999999999998	0.090253445265211
"54"	1	54	"anova"	0	0.474837426335332	0.522	0.569162573664668	0	0.439929541675441	-0.0926979513129937	-0.026	0.0406979513129937	0	0.0597614899373861	-0.130697951312994	-0.0640000000000001	0.00269795131299372	0	0.314028387270228	-0.0463251473293361	0.048	0.142325147329336
"55"	1	55	"anova"	0	0.456258926246924	0.49	0.523741073753076	0	0.933690651270515	-0.045717084110631	0.00200000000000006	0.0497170841106311	0	0.406455866981825	-0.0277170841106313	0.0199999999999998	0.0677170841106309	0	0.445241557784466	-0.0414821475061521	0.0260000000000001	0.0934821475061523
"56"	1	56	"anova"	0	0.397383958650862	0.456	0.514616041349137	0	0.316126970946874	-0.0408956006485726	0.042	0.124895600648573	0	0.473251111209545	-0.0528956006485728	0.0299999999999999	0.112895600648573	0	0.709622679580428	-0.139232082698275	-0.0219999999999999	0.0952320826982755
"57"	1	57	"anova"	0	0.461913153451724	0.502	0.542086846548276	0	0.529040877188181	-0.038691362061341	0.018	0.0746913620613411	0	0.126306645160392	-0.100691362061341	-0.0440000000000001	0.0126913620613411	0	0.256737565251761	-0.0341736930965522	0.046	0.126173693096552
"58"	1	58	"anova"	0	0.44440558211828	0.492	0.53959441788172	0	0.906094270166499	-0.0713086712615804	-0.00400000000000001	0.0633086712615804	0	0.952963862082004	-0.0653086712615805	0.00199999999999999	0.0693086712615805	0	0.933520153960864	-0.0991888357634393	-0.00399999999999996	0.0911888357634393
"59"	1	59	"anova"	0	0.460551638655448	0.504	0.547448361344551	0	0.221850033783314	-0.0994452618763515	-0.038	0.0234452618763515	0	0.846316934713397	-0.0674452618763517	-0.00600000000000014	0.0554452618763515	0	0.146534715379066	-0.0228967226891027	0.0640000000000002	0.150896722689103
"60"	1	60	"anova"	0	0.437749298300086	0.484	0.530250701699914	0	0.165376170445456	-0.0194083696132907	0.0459999999999999	0.111408369613291	0	0.303814822838359	-0.0314083696132908	0.034	0.0994083696132908	0	0.0890459590837777	-0.172501403399828	-0.0799999999999999	0.0125014033998281
"61"	1	1	"glmm"	0	-0.303839819145517	-0.128175193423995	0.0474894322975268	0	NA	-0.168042485125623	0.0801659742376348	0.328374433600893	0	NA	-0.305047327050831	-0.05634658427955	0.192354158491731	0	NA	-0.391309859948462	-0.0398938053786344	0.311522249191193
"62"	1	2	"glmm"	0	-0.223364187645526	-0.0480092191863606	0.127345749272805	0	NA	-0.143978398766272	0.104023860741032	0.352026120248336	0	NA	-0.199944445937947	0.0480092191863609	0.295962884310669	0	NA	-0.422700885545245	-0.072021129654859	0.278658626235527
"63"	1	3	"glmm"	0	-0.135334243051439	0.0400053346136996	0.215344912278839	0	NA	-0.263955917806922	-0.0160041825141572	0.231947552778608	0	NA	-0.176025737453576	0.0721119635070065	0.320249664467589	0	NA	-0.599431891247793	-0.248406784686594	0.102618321874605
"64"	1	4	"glmm"	0	-0.191310456393479	-0.0160003413464407	0.159309773700597	0	NA	-0.239922662532666	0.00800029867936441	0.255923259891395	0	NA	-0.0318761979754699	0.216671036807302	0.465218271590075	0	NA	-0.56772664585065	-0.216671036807302	0.134384572236045
"65"	1	5	"glmm"	0	-0.271580623952664	-0.0960738300896213	0.0794329637734214	0	NA	-0.0560564232454405	0.192147660179244	0.440351743603928	0	NA	-0.224098751012618	0.0240427018807389	0.272184154774096	0	NA	-0.430996903911524	-0.0801111973566622	0.270774509198199
"66"	1	6	"glmm"	0	-0.223364215756598	-0.0480092191863605	0.127345777383877	0	NA	-0.296161383513003	-0.0480646109032581	0.200032161706487	0	NA	-0.167957608218684	0.0800119502725345	0.327981508763753	0	NA	-0.390733754757245	-0.039952761737587	0.310828231282071
"67"	1	7	"glmm"	0	-0.111372491845949	0.0640218587649304	0.23941620937581	0	NA	-0.168076505765156	0.0802277500796087	0.328532005924373	0	NA	-0.296007043676492	-0.0480215174184895	0.199964008839513	0	NA	-0.495147619386813	-0.14423731061241	0.206672998161993
"68"	1	8	"glmm"	0	-0.199318261852533	-0.0240011520995428	0.151315957653448	0	NA	-0.167959736421022	0.0800157936542142	0.32799132372945	0	NA	-0.0880033146186547	0.16021135693393	0.408426028486514	0	NA	-0.599093142265008	-0.248228729574775	0.102635683115458
"69"	1	9	"glmm"	0	-0.299740328697152	-0.120344546968673	0.0590512347598063	0	NA	-0.0370488325421107	0.216583961653078	0.470216755848267	0	NA	-0.109102178928265	0.144388187331558	0.39787855359138	0	NA	-0.841281949881308	-0.482184960610455	-0.123087971339602
"70"	1	10	"glmm"	0	-0.231387994869389	-0.0560146415546702	0.119358711760049	0	NA	-0.312320244546066	-0.0641296702873652	0.184060903971335	0	NA	-0.336524435034677	-0.0882349672898745	0.160054500454928	0	NA	-0.0706764859362586	0.280410407340792	0.631497300617843
"71"	1	11	"glmm"	0	-0.153750667134313	0.0240295672830791	0.201809801700472	0	NA	-0.115320902076183	0.136490090414246	0.388301082904675	0	NA	-0.379814772916722	-0.128233557586278	0.123347657744166	0	NA	-0.268106092327707	0.0879898379493216	0.44408576822635
"72"	1	12	"glmm"	0	-0.333182164355479	-0.129859035790564	0.0734640927743524	0	NA	-0.197898832289279	0.0893635132504485	0.376625858790176	0	NA	-0.0116217223020684	0.275888337011057	0.563398396324183	0	NA	-0.511894205131808	-0.105545632343302	0.300802940445205
"73"	1	13	"glmm"	0	-0.31108080309196	-0.128559783703539	0.0539612356848807	0	NA	-0.153399333521854	0.104487926803332	0.362375187128519	0	NA	-0.23388477460771	0.0241498231391873	0.282184420886085	0	NA	-0.212198398524684	0.152700340975325	0.517599080475335
"74"	1	14	"glmm"	0	-0.30326487412606	-0.105189845578786	0.0928851829684877	0	NA	-0.231447821063918	0.0485946667651209	0.328637154594159	0	NA	-0.215282416956938	0.0647246377687133	0.344731692494364	0	NA	-0.525529477351985	-0.129484181912324	0.266561113527336
"75"	1	15	"glmm"	0	-0.10307955264215	0.0803248659695736	0.263729284581297	0	NA	-0.219235517165408	0.0402588323300284	0.299753181825465	0	NA	-0.339595761455761	-0.0803238234654416	0.178948114524878	0	NA	-0.463253657292795	-0.0964700851917592	0.270313486909277
"76"	1	16	"glmm"	0	-0.224161012992608	-0.0480240206511849	0.128112971690238	0	NA	-0.121067120818977	0.12809521122407	0.377257543267118	0	NA	-0.297282328085925	-0.0480807513611449	0.201120825363635	0	NA	-0.512760027901181	-0.160207963097354	0.192344101706473
"77"	1	17	"glmm"	0	-0.192801986287826	-0.0160103322704887	0.160781321746849	0	NA	-0.298134896614266	-0.048054061005088	0.20202677460409	0	NA	-0.274063334321531	-0.0240215203569504	0.22602029360763	0	NA	-0.377876401915598	-0.0241031413452774	0.329670119225044
"78"	1	18	"glmm"	0	-0.223364214417976	-0.0480092191863607	0.127345776045255	0	NA	-0.159963934347005	0.0880145538000597	0.335993041947125	0	NA	-0.433837364064506	-0.185039861116982	0.0637576418305426	0	NA	-0.302389241557955	0.0489606964136607	0.400310634385276
"79"	1	19	"glmm"	0	-0.207329659453061	-0.0320027310861741	0.143324197280712	0	NA	-0.231935421814448	0.016002389739733	0.263940201293914	0	NA	-0.312148009128216	-0.0640710990034474	0.184005811121321	0	NA	-0.182680828133985	0.16812829574107	0.518937419616124
"80"	1	20	"glmm"	0	-0.103387077504087	0.0720311282088827	0.247449333921853	0	NA	-0.280049003219705	-0.0320257935951834	0.215997416029339	0	NA	-0.232092845748224	0.0160257271823003	0.264144300112825	0	NA	-0.446822313096445	-0.0960363964096988	0.254749520277047
"81"	1	21	"glmm"	0	-0.279635833048326	-0.104093891042633	0.0714480509630594	0	NA	-0.151993055595214	0.096093848375557	0.344180752346328	0	NA	-0.104011448412079	0.144099225656332	0.392209899724743	0	NA	-0.430864788323695	-0.0800845414345846	0.270695705454526
"82"	1	22	"glmm"	0	-0.127345810849464	0.0480092191863608	0.223364249222185	0	NA	-0.176042450511321	0.0721350926556729	0.320312635822667	0	NA	-0.31997304156352	-0.0720103712859039	0.175952298991712	0	NA	-0.382935290072636	-0.0321335992096884	0.318668091653259
"83"	1	23	"glmm"	0	-0.0714481328805586	0.104093891042628	0.279635914965815	0	NA	-0.448396762777389	-0.20016772113225	0.0480613205128887	0	NA	-0.328187709903902	-0.0800927389430852	0.168002232017731	0	NA	-0.33529346442044	0.0158239189575318	0.366941302335504
"84"	1	24	"glmm"	0	-0.143324234744175	0.0320027310861736	0.207329696916522	0	NA	-0.319966779411258	-0.0720080656998725	0.175950648011513	0	NA	-0.184005881214954	0.0640710990034251	0.312148079221804	0	NA	-0.511218429616097	-0.16027596922424	0.190666491167617
"85"	1	25	"glmm"	0	-0.135334224315664	0.0400053346136998	0.215344893543064	0	NA	-0.295949136882883	-0.048005377280776	0.199938382321331	0	NA	-0.408316235642722	-0.160149646455707	0.0880169427313079	0	NA	-0.238684799124394	0.112135047568112	0.462954894260619
"86"	1	26	"glmm"	0	-0.376858356656494	-0.200670695457402	-0.0244830342583098	0	NA	-0.128014352000492	0.120627987783866	0.369270327568223	0	NA	-0.0718826535354219	0.176669543357859	0.425221740251139	0	NA	-0.584168165545405	-0.232837040518871	0.118494084507662
"87"	1	27	"glmm"	0	-0.295765209706574	-0.120144311842054	0.0554765860224657	0	NA	-0.200108983593836	0.0481131836331713	0.296335350860178	0	NA	-0.296833980328237	-0.0482525054832649	0.200328969361707	0	NA	-0.262865545912968	0.0882809026059737	0.439427351124915
"88"	1	28	"glmm"	0	-0.401358210710901	-0.224943731817934	-0.0485292529249669	0	NA	-0.0878455828450643	0.160921873053004	0.409689328951071	0	NA	-0.103902088897412	0.144901024144398	0.393704137186208	0	NA	-0.584707146373229	-0.23317283445923	0.118361477454768
"89"	1	29	"glmm"	0	-0.0714481100510692	0.104093891042631	0.279635892136331	0	NA	-0.264243156978029	-0.0160370356514477	0.232169085675133	0	NA	-0.472547889618748	-0.224238202884693	0.0240714838493613	0	NA	-0.0707681444528026	0.280430956337908	0.631630057128619
"90"	1	30	"glmm"	0	-0.28760872705018	-0.10443726019173	0.0787342066667211	0	NA	-0.21875484131607	0.0401908162924527	0.299136473900975	0	NA	-0.0742251723300136	0.184762803380607	0.443750779091227	0	NA	-0.398357767105128	-0.0321649485763188	0.334027869952491
"91"	1	31	"glmm"	0	-0.257645447174486	-0.080117037720753	0.0974113717329797	0	NA	-0.00275140643107921	0.248663435223686	0.500078276878452	0	NA	-0.15483641941174	0.0961312733801249	0.34709896617199	0	NA	-0.595831976841318	-0.240659783700793	0.114512409439731
"92"	1	32	"glmm"	0	-0.127345763997649	0.0480092191863606	0.223364202370371	0	NA	-0.271970663548903	-0.0240080670868179	0.223954529375268	0	NA	-0.22401218322331	0.0240219090225156	0.272056001268341	0	NA	-0.50293309935826	-0.152116952164691	0.198699195028878
"93"	1	33	"glmm"	0	-0.0788080529548053	0.104448537920282	0.287705128795369	0	NA	-0.251126065986463	0.00805961062270887	0.267245287231881	0	NA	-0.411665991549838	-0.152622612000772	0.106420767548295	0	NA	-0.318181134029749	0.048139749106015	0.414460632241779
"94"	1	34	"glmm"	0	-0.0874175718876426	0.0880568553911686	0.26353128266998	0	NA	-0.344096064693804	-0.0960568980582448	0.151982268577314	0	NA	-0.360105115553525	-0.112058007490711	0.135989100572102	0	NA	-0.302730927876695	0.0480269219489064	0.398784771774508
"95"	1	35	"glmm"	0	-0.215344885513445	-0.0400053346136985	0.135334216286048	0	NA	-0.231947512092636	0.0160041825141554	0.263955877120947	0	NA	-0.296114469708923	-0.0480515207774836	0.200011428153956	0	NA	-0.27866511861915	0.0720526728770266	0.422770464373204
"96"	1	36	"glmm"	0	-0.0874175879839525	0.0880568553911821	0.263531298766317	0	NA	-0.464524902143324	-0.216232048815173	0.0320608045129779	0	NA	-0.256151607791666	-0.00801414771764557	0.240123312356375	0	NA	-0.214754997055078	0.136189341141637	0.487133679338351
"97"	1	37	"glmm"	0	-0.243769959865402	-0.0484698199485654	0.146830319968271	0	NA	-0.349300199109835	-0.0728849915113244	0.203530216087186	0	NA	-0.22767299902605	0.0484761421537938	0.324625283333638	0	NA	-0.382436430748336	0.00829634556618599	0.399029121880708
"98"	1	38	"glmm"	0	-0.215344917631919	-0.0400053346136992	0.135334248404521	0	NA	-0.255982417203016	-0.00800388457266141	0.239974648057693	0	NA	-0.296114536016181	-0.0480515207774832	0.200011494461214	0	NA	-0.222684571897729	0.128063471050018	0.478811513997764
"99"	1	39	"glmm"	0	-0.119358615348958	0.0560146415546688	0.231387898458296	0	NA	-0.344011396151351	-0.096019976168368	0.151971443814615	0	NA	-0.192058815553145	0.0561026565660306	0.304264128685206	0	NA	-0.406918900017972	-0.0561026565660306	0.29471358688591
"100"	1	40	"glmm"	0	-0.0794329436418954	0.0960738300896211	0.271580603821138	0	NA	-0.208212258018341	0.0401363747449246	0.28848500750819	0	NA	-0.344134861245269	-0.0960738300896208	0.151987201066027	0	NA	-0.487224878520001	-0.136210204834545	0.21480446885091
"101"	1	41	"glmm"	0	-0.0206877862271633	0.160727105612535	0.342141997452233	0	NA	-0.32071617576905	-0.0644102344232705	0.191895706922509	0	NA	-0.424919069451451	-0.168750101265639	0.087418866920172	0	NA	-0.329787977216649	0.0323302477694925	0.394448472755634
"102"	1	42	"glmm"	0	-0.271952363947322	-0.0960877971527045	0.0797767696419131	0	NA	-0.0565380882588347	0.192177778533501	0.440893645325838	0	NA	-0.0805207748017798	0.168129837819906	0.416780450441592	0	NA	-0.671876345587237	-0.320243422859083	0.031389499869072
"103"	1	43	"glmm"	0	-0.228066513203165	-0.0402323536491993	0.147601805904766	0	NA	-0.136946199502811	0.12877652426583	0.394499248034471	0	NA	-0.233462775090829	0.0321735244269146	0.297809823944658	0	NA	-0.536674202977349	-0.16094727454904	0.214779653879269
"104"	1	44	"glmm"	0	-0.191310491170979	-0.0160003413464413	0.159309808478097	0	NA	-0.167963363989565	0.0800222001113723	0.328007764212309	0	NA	-0.239922709823034	0.00800029867936526	0.255923307181764	0	NA	-0.302693645274288	0.0481221543977631	0.398937954069814
"105"	1	45	"glmm"	0	-0.222686647152913	-0.0242861136870549	0.174114419778803	0	NA	-0.418702243906477	-0.137745832646395	0.143210578613688	0	NA	-0.418686514498236	-0.137752010025165	0.143182494447906	0	NA	-0.000526684603097904	0.396944608110432	0.794415900823962
"106"	1	46	"glmm"	0	-0.223424442272318	-0.0401428829481881	0.143138676375942	0	NA	-0.372225037532289	-0.112695326770197	0.146834383991895	0	NA	-0.243132177148025	0.0160565928580364	0.275245362864098	0	NA	-0.165790292471573	0.201041477747439	0.56787324796645
"107"	1	47	"glmm"	0	-0.231387859626117	-0.0560146415546707	0.119358576516776	0	NA	-0.191951929235724	0.0560146415546707	0.303981212345065	0	NA	-0.199952948659835	0.0480145988875947	0.295982146435024	0	NA	-0.390659243718737	-0.0400145562205181	0.310630131277701
"108"	1	48	"glmm"	0	-0.359367741877054	-0.17696741912533	0.00543290362639465	0	NA	-0.000339679446558827	0.257241583762789	0.514822846972137	0	NA	-0.160867032512826	0.0966947052714862	0.354256443055799	0	NA	-0.61318728104329	-0.249204256400462	0.114778768242366
"109"	1	49	"glmm"	0	-0.183305923039917	-0.00800004266707613	0.167305837705764	0	NA	-0.0959920616007573	0.152249651511623	0.400491364624003	0	NA	-0.32006091943893	-0.0720426650064599	0.17597558942601	0	NA	-0.423115039923715	-0.0722069438380871	0.278701152247541
"110"	1	50	"glmm"	0	-0.0235192778321811	0.152293669080044	0.328106615992269	0	NA	-0.368584537114445	-0.12029093799387	0.128002661126706	0	NA	-0.360590834525298	-0.112288334466345	0.136014165592609	0	NA	-0.214626234033775	0.136300244934841	0.487226723903457
"111"	1	51	"glmm"	0	-0.0474894874726688	0.128175193423685	0.303839874320039	0	NA	-0.424392964109266	-0.176184412610046	0.0720241388891754	0	NA	-0.400358137740164	-0.152176345523228	0.0960054466937083	0	NA	-0.190658219359317	0.160180230095889	0.511018679551095
"112"	1	52	"glmm"	0	-0.143324241434083	0.0320027310861736	0.20732970360643	0	NA	-0.231963142310339	0.016006488100187	0.263976118510713	0	NA	-0.239956117752902	0.00800260352752529	0.255961324807952	0	NA	-0.422678064093343	-0.0720121640603269	0.278653735972689
"113"	1	53	"glmm"	0	-0.354745143439624	-0.138991375957781	0.0767623915240626	0	NA	-0.0269048354520403	0.278297262291133	0.583499360034307	0	NA	-0.239156655569667	0.0656617171004968	0.370480089770661	0	NA	-0.513544572575029	-0.0822045427050662	0.349135487164896
"114"	1	54	"glmm"	0	-0.0933557512769082	0.0883025047254848	0.269960760727878	0	NA	-0.361128564049007	-0.10434424125793	0.152440081533147	0	NA	-0.514393863559643	-0.257166654030668	6.05554983063583e-05	0	NA	-0.170487613088386	0.192947783090099	0.556383179268584
"115"	1	55	"glmm"	0	-0.215344938375117	-0.0400053346136994	0.135334269147719	0	NA	-0.239956126743629	0.00800260352752557	0.25596133379868	0	NA	-0.167956995359129	0.0800106692273984	0.327978333813926	0	NA	-0.246624163089639	0.104285730938821	0.45519562496728
"116"	1	56	"glmm"	0	-0.413175672091303	-0.182141518294277	0.0488926355027494	0	NA	-0.152326525639004	0.173825611946485	0.499977749531974	0	NA	-0.20162373387978	0.124581795020696	0.450787323921171	0	NA	-0.553002144568711	-0.0920172516384001	0.368967641291911
"117"	1	57	"glmm"	0	-0.167305871143233	0.00800004266707651	0.183305956477386	0	NA	-0.175975658534752	0.0720426650064592	0.320060988547671	0	NA	-0.424755901093159	-0.176396859992538	0.0719621811080838	0	NA	-0.166665074057483	0.184411007710182	0.535487089477847
"118"	1	58	"glmm"	0	-0.215147105586347	-0.0321144188003539	0.150918267985639	0	NA	-0.274928903053927	-0.016064723211652	0.242799456630623	0	NA	-0.250806302477563	0.0080322781663352	0.266870858810233	0	NA	-0.382154295125619	-0.0160617990878719	0.350030696949875
"119"	1	59	"glmm"	0	-0.159309805802909	0.0160003413464411	0.191310488495791	0	NA	-0.400420336121365	-0.152210546180903	0.095999243759558	0	NA	-0.271923418051691	-0.0240003840135172	0.223922650024656	0	NA	-0.0946328865617744	0.256284418937583	0.60720172443694
"120"	1	60	"glmm"	0	-0.241883492571929	-0.0640873236714775	0.113708845228974	0	NA	-0.0672532745115712	0.184353517901387	0.435960310314346	0	NA	-0.115266966984842	0.136194425613056	0.387655818210955	0	NA	-0.676285005883212	-0.320551402081895	0.0351822017194218
"121"	1	1	"bglmm"	0	-0.305708245883251	-0.126735212966258	0.0614926991802508	0	NA	-0.19352469207884	0.0745819781907225	0.335454288977304	0	NA	-0.308390318298727	-0.0559815829528632	0.195822443766788	0	NA	-0.404492841483441	-0.0372240407629498	0.332286276884522
"122"	1	2	"bglmm"	0	-0.239363598236567	-0.046927073857359	0.155191987149578	0	NA	-0.182291091228705	0.101435768434478	0.367789871147226	0	NA	-0.231647926510085	0.0496778533781184	0.317089978119303	0	NA	-0.466029621117467	-0.0739361470440334	0.325080865783142
"123"	1	3	"bglmm"	0	-0.141889629143457	0.037264538941801	0.226007191960117	0	NA	-0.278047297518479	-0.0137412012693353	0.248949517399997	0	NA	-0.185830884445086	0.0721172487858893	0.335274078534749	0	NA	-0.62112859405355	-0.250924455202829	0.112709623147734
"124"	1	4	"bglmm"	0	-0.221478360440068	-0.0231132723769583	0.167518727839296	0	NA	-0.252651486141453	0.0151031643581069	0.307138275546788	0	NA	-0.0491233713235402	0.223549289630757	0.499608781258676	0	NA	-0.616172717540416	-0.220022860774751	0.165681037423945
"125"	1	5	"bglmm"	0	-0.275957497240909	-0.0935768018932301	0.0872314112222814	0	NA	-0.0640476472464838	0.190696665353045	0.443148564163166	0	NA	-0.22328644862146	0.0229819811163007	0.279961584256146	0	NA	-0.457406326784431	-0.0758835040195977	0.267154815496347
"126"	1	6	"bglmm"	0	-0.239340253996271	-0.0537457182310505	0.130825386848856	0	NA	-0.298455245635912	-0.0376893004934678	0.216584267435081	0	NA	-0.17339233020757	0.0881300128313031	0.341859762136033	0	NA	-0.413135821480205	-0.0534985222375	0.315569770135616
"127"	1	7	"bglmm"	0	-0.126620170990544	0.0563721229859288	0.247200730307178	0	NA	-0.177095390226434	0.0952492368321749	0.343033280317581	0	NA	-0.299231329756709	-0.0415741787222353	0.21648491936032	0	NA	-0.514973132256545	-0.164184916033031	0.217134135302519
"128"	1	8	"bglmm"	0	-0.217839736174814	-0.0254717512384068	0.157881201624077	0	NA	-0.167169658252415	0.080783246066705	0.355499102404096	0	NA	-0.110353402122672	0.164857569083552	0.432146140369034	0	NA	-0.635934481774314	-0.25041346383504	0.116489278092404
"129"	1	9	"bglmm"	0	-0.319027129418306	-0.121690925136603	0.0628357919446298	0	NA	-0.0438972757041508	0.21453811061727	0.493373472264028	0	NA	-0.107664209153825	0.141139951032636	0.424193223305131	0	NA	-0.881566743862622	-0.475011501526688	-0.110902500997056
"130"	1	10	"bglmm"	0	-0.240537880223943	-0.0572156136211088	0.127456273858976	0	NA	-0.30600663257711	-0.0614590043856286	0.194117187774055	0	NA	-0.339232524819768	-0.0874585317181927	0.176806740090251	0	NA	-0.0756996283796759	0.27923946759848	0.641062017687865
"131"	1	11	"bglmm"	0	-0.159887632541218	0.025567313569394	0.230354469121017	0	NA	-0.146965929458239	0.138123477764365	0.40388572873384	0	NA	-0.402448617829541	-0.127965556888162	0.133967984401815	0	NA	-0.289473875220361	0.0846956124313213	0.464332929283682
"132"	1	12	"bglmm"	0	-0.334497881166324	-0.12819708184444	0.0748135417691901	0	NA	-0.192791544281504	0.0848002251236657	0.379593193219592	0	NA	-0.013537787594885	0.273329167697668	0.566173278474554	0	NA	-0.509312862605932	-0.108321799654367	0.289848782751603
"133"	1	13	"bglmm"	0	-0.327812967452495	-0.131413626088763	0.069696010090912	0	NA	-0.175099769996529	0.110880480507911	0.376200106751324	0	NA	-0.254566118878489	0.0332348598666384	0.316163760690884	0	NA	-0.248297014181852	0.1365638168265	0.566077303278502
"134"	1	14	"bglmm"	0	-0.300133839757104	-0.105007642565234	0.0954615639750408	0	NA	-0.254475801647827	0.0493035288631054	0.318482109661743	0	NA	-0.225118613682894	0.059425957148621	0.322033418983275	0	NA	-0.506392068000383	-0.125141852467812	0.270128790308025
"135"	1	15	"bglmm"	0	-0.11510300631565	0.073853189818851	0.277747309478209	0	NA	-0.22944983055558	0.0505169430436223	0.330431528794228	0	NA	-0.349785742057673	-0.0716990274627847	0.202295485675563	0	NA	-0.518023705480175	-0.110519592023216	0.265798094786599
"136"	1	16	"bglmm"	0	-0.233252171504728	-0.048059826341505	0.137847109680721	0	NA	-0.138285348691968	0.128458795767211	0.389011679837749	0	NA	-0.30889241033452	-0.0402180193864798	0.219991696678623	0	NA	-0.5399692422375	-0.169327524674862	0.205282480031914
"137"	1	17	"bglmm"	0	-0.200724483112643	-0.0186557072606229	0.166110055588619	0	NA	-0.305788906937461	-0.0483585187462718	0.224118177160395	0	NA	-0.285752682862095	-0.0248801797994979	0.235828856667497	0	NA	-0.41268488750453	-0.0250026332136613	0.33035085539203
"138"	1	18	"bglmm"	0	-0.215664605767401	-0.0316241313097109	0.143617699261633	0	NA	-0.187727098614585	0.0690936174785566	0.337887913355882	0	NA	-0.4734295401426	-0.207608630329929	0.05173609012215	0	NA	-0.296857810639158	0.0809013374930634	0.460604403012966
"139"	1	19	"bglmm"	0	-0.217144203492259	-0.0240955003061575	0.153721929158748	0	NA	-0.256029040368263	0.0134193297949737	0.27493823074561	0	NA	-0.330479268584156	-0.0767560438159541	0.193280002262555	0	NA	-0.188639803557748	0.175402083417236	0.53562911201976
"140"	1	20	"bglmm"	0	-0.114834096123451	0.0806185643158002	0.263216496607053	0	NA	-0.304302907676228	-0.0416607038226163	0.23017436848525	0	NA	-0.256416738570515	0.00537816093117342	0.283865192336527	0	NA	-0.462385946760316	-0.0874187394749773	0.298237278823612
"141"	1	21	"bglmm"	0	-0.284746826411548	-0.100908929094299	0.0971895859144146	0	NA	-0.184543457467903	0.0935736507823753	0.34298197548542	0	NA	-0.123817396893555	0.142926452264991	0.407812410554491	0	NA	-0.439434759260097	-0.0805353184069479	0.305753489607711
"142"	1	22	"bglmm"	0	-0.15880591355252	0.0375069256243315	0.236944238286275	0	NA	-0.204492443232864	0.0858194069632706	0.365009538260414	0	NA	-0.336039456136007	-0.0591674203053207	0.216383707760581	0	NA	-0.432491523075896	-0.0458885164478796	0.34097728892809
"143"	1	23	"bglmm"	0	-0.0677170755047474	0.107263986235226	0.295440612291327	0	NA	-0.472936824805788	-0.204109643055995	0.0604575980525573	0	NA	-0.353545433755717	-0.0858041257188829	0.162944662913773	0	NA	-0.362155195679246	0.0184101990261957	0.403783379373771
"144"	1	24	"bglmm"	0	-0.157264492693148	0.0325899746164503	0.226879018247476	0	NA	-0.347496950468073	-0.0708150622023013	0.20464761437468	0	NA	-0.216127830529129	0.0704157121489495	0.342603973744726	0	NA	-0.544386298838744	-0.162932126637718	0.216151018168213
"145"	1	25	"bglmm"	0	-0.140460065062146	0.0441033297992326	0.21768760108968	0	NA	-0.312037777601754	-0.0515757914125006	0.206848210641642	0	NA	-0.418214976887002	-0.167612051675517	0.0940243888533927	0	NA	-0.25155798505921	0.119249990487271	0.50117725698154
"146"	1	26	"bglmm"	0	-0.405836109612531	-0.1952012461977	-0.0170092660198207	0	NA	-0.154123167100334	0.120053707514392	0.393853683285895	0	NA	-0.0983102834332055	0.174305113779764	0.461684524828535	0	NA	-0.62355272112787	-0.227116535259775	0.157539656521378
"147"	1	27	"bglmm"	0	-0.314790063480267	-0.128856710062067	0.047574855011273	0	NA	-0.199340218581398	0.0578193982102709	0.304956067218669	0	NA	-0.287658312059998	-0.0342975933042745	0.237704938316925	0	NA	-0.297565918397616	0.0727199819760719	0.432974420401826
"148"	1	28	"bglmm"	0	-0.409520372272822	-0.226344513172216	-0.0363686776424354	0	NA	-0.0965177722142823	0.158347554198543	0.43661950994098	0	NA	-0.130745064024479	0.143808891091977	0.404953299059393	0	NA	-0.602647521665673	-0.228516657376834	0.134445899926484
"149"	1	29	"bglmm"	0	-0.077010292430161	0.109688144020148	0.300834658834019	0	NA	-0.289336808205195	-0.0227115021647586	0.259368088674413	0	NA	-0.499635386492737	-0.234955777080279	0.0451751756164899	0	NA	-0.107241064994722	0.293273819116088	0.688905013412932
"150"	1	30	"bglmm"	0	-0.295970932761099	-0.0953964873572112	0.108800157560963	0	NA	-0.282061941133789	0.0282668275874577	0.320504191172371	0	NA	-0.12752699722276	0.175671469996373	0.457113445545648	0	NA	-0.421922353874444	-0.0191038303105831	0.425542248205428
"151"	1	31	"bglmm"	0	-0.275325998167571	-0.0853014674392339	0.100126267971177	0	NA	-0.0155425279570197	0.262122524101893	0.527458892923809	0	NA	-0.156956363827165	0.10463412583414	0.381593394572623	0	NA	-0.645950368865202	-0.257732898051285	0.139455651601401
"152"	1	32	"bglmm"	0	-0.126361286091711	0.0524647825869052	0.240761201240438	0	NA	-0.294803980513861	-0.0342162488517236	0.225249856281355	0	NA	-0.251643452779818	0.0135135143405552	0.266268460777266	0	NA	-0.515923999044155	-0.138487249713837	0.240935655069402
"153"	1	33	"bglmm"	0	-0.082533560537603	0.105927163121767	0.29719286820088	0	NA	-0.275701839756557	0.00415271666284002	0.256026453677728	0	NA	-0.423156013032796	-0.15707277465797	0.0993861148709815	0	NA	-0.29874408579018	0.0593548771956272	0.434427741562899
"154"	1	34	"bglmm"	0	-0.0819900811947929	0.0907677838949157	0.271056255643963	0	NA	-0.361550437978146	-0.101371995263884	0.156149794033139	0	NA	-0.359649694001724	-0.116223353181616	0.139583215717703	0	NA	-0.3300904005947	0.0597068657754386	0.418183594432289
"155"	1	35	"bglmm"	0	-0.221792563421478	-0.0417291828586308	0.148334165165957	0	NA	-0.247864076024789	0.0188867809536508	0.280458497681283	0	NA	-0.311978665046454	-0.0421739428291604	0.215742824435605	0	NA	-0.291640949663241	0.0686990595173472	0.433081109778631
"156"	1	36	"bglmm"	0	-0.0979600133784057	0.0844707288670275	0.26684218519071	0	NA	-0.474410018718587	-0.212180085205981	0.050106271911069	0	NA	-0.262888185300609	-0.00323939063002931	0.256343136584	0	NA	-0.245979887594657	0.127603585736431	0.499608044752675
"157"	1	37	"bglmm"	0	-0.252538154886575	-0.0570978019755537	0.144442383776935	0	NA	-0.34575870540821	-0.0591443775873693	0.209500571438469	0	NA	-0.215907534852634	0.0597906473314969	0.342721658675329	0	NA	-0.392143816690096	-0.00445077280356794	0.3929948309194
"158"	1	38	"bglmm"	0	-0.222966266610768	-0.0435556513077167	0.129865922721034	0	NA	-0.26391392983717	-0.00698019006948305	0.249641843152747	0	NA	-0.289665998057362	-0.0447469315612765	0.210610223479238	0	NA	-0.228703979443377	0.124812691519022	0.475890195450356
"159"	1	39	"bglmm"	0	-0.142560849231067	0.0562087808165698	0.245788027131195	0	NA	-0.366744505995029	-0.0955461398610742	0.189449055126326	0	NA	-0.217179990922024	0.0560809284150852	0.339209800906228	0	NA	-0.455201996890729	-0.0661923788996892	0.346473778617044
"160"	1	40	"bglmm"	0	-0.0881952063851341	0.105328827688919	0.280125073389199	0	NA	-0.228045618646254	0.0303218115693632	0.284717117593565	0	NA	-0.364310168127251	-0.112043173374997	0.173436052166808	0	NA	-0.501688870772314	-0.116961538710705	0.244650260455111
"161"	1	41	"bglmm"	0	-0.0162147609960405	0.166200678775663	0.356301623488653	0	NA	-0.353443663464168	-0.0667873796496784	0.183632627416763	0	NA	-0.437091463009157	-0.17416479714579	0.0877427614900373	0	NA	-0.326207748760454	0.0359539680163421	0.430727222634469
"162"	1	42	"bglmm"	0	-0.277581943324991	-0.0990048422561621	0.0947134368294072	0	NA	-0.0649079101377046	0.195281367871053	0.462185543796467	0	NA	-0.105723357963683	0.177389737994192	0.423650926940035	0	NA	-0.681975358152263	-0.333870263964827	0.0532609704262133
"163"	1	43	"bglmm"	0	-0.216023636058136	-0.0315799772971823	0.150628657472094	0	NA	-0.157098899314444	0.124822567841722	0.383546811291021	0	NA	-0.255461645318208	0.0176517580799277	0.284957839958644	0	NA	-0.517279035941535	-0.154641945304199	0.257455623562586
"164"	1	44	"bglmm"	0	-0.211984199758936	-0.0176319333247813	0.164529432665444	0	NA	-0.18229823232359	0.0841845553608623	0.345084947650477	0	NA	-0.240513490043275	0.00803984453641603	0.284944542920284	0	NA	-0.340523131500798	0.0478570628377088	0.416846999780499
"165"	1	45	"bglmm"	0	-0.228080698527773	-0.0247695452380268	0.174833873169899	0	NA	-0.429548858055475	-0.142701763653264	0.1426368041169	0	NA	-0.433022452559552	-0.136772852460463	0.138202876397247	0	NA	0.00861251381565004	0.409474461640903	0.805300977641198
"166"	1	46	"bglmm"	0	-0.239224067704113	-0.0483011902218532	0.143857802844163	0	NA	-0.370151556170008	-0.109240430876104	0.161812240136464	0	NA	-0.260619975776364	0.0254896672285566	0.294346931992916	0	NA	-0.188745835593451	0.191149259853913	0.582509009030765
"167"	1	47	"bglmm"	0	-0.245351553187084	-0.0620799019267055	0.124037044132316	0	NA	-0.200140386419001	0.0566201763393414	0.31374193023292	0	NA	-0.205721653892999	0.0555405802855832	0.304285933012253	0	NA	-0.417887707481368	-0.0483636890286394	0.330023783283661
"168"	1	48	"bglmm"	0	-0.352131029726683	-0.16977282936895	0.0200575476496967	0	NA	-0.0265285848871283	0.248556329394298	0.512843362982054	0	NA	-0.175041290655609	0.0867633429876319	0.335834100166117	0	NA	-0.615359528436536	-0.237392333714779	0.142353449200568
"169"	1	49	"bglmm"	0	-0.203822249599729	-0.0102243794878734	0.19151920095881	0	NA	-0.118860531751762	0.154828231721779	0.449020232015439	0	NA	-0.34508242741816	-0.0664363542708596	0.20658110679842	0	NA	-0.462227748908925	-0.0742233046659016	0.311242194802354
"170"	1	50	"bglmm"	0	-0.0501359459523057	0.145260586169208	0.34633247170281	0	NA	-0.392492596453143	-0.116252445865306	0.15474735538136	0	NA	-0.393947291239168	-0.108226526498741	0.16832219465877	0	NA	-0.254779310082833	0.132677490206534	0.527364932056395
"171"	1	51	"bglmm"	0	-0.0546527723708481	0.138213576959303	0.309783458295565	0	NA	-0.449041210557672	-0.185698136118722	0.0800070374509642	0	NA	-0.415285248152208	-0.165706762020379	0.108572649460656	0	NA	-0.193417543193623	0.173504821362496	0.54721005377611
"172"	1	52	"bglmm"	0	-0.155869865361557	0.0338154445521776	0.222250112924453	0	NA	-0.26664533857731	0.0162272728130811	0.283753171471538	0	NA	-0.258143044229379	0.00543573845357597	0.259254030049707	0	NA	-0.429485288088162	-0.0698735271156639	0.306279367120989
"173"	1	53	"bglmm"	0	-0.380729023154736	-0.153265233619994	0.0710841845814487	0	NA	-0.02314738115692	0.295253696751114	0.614176694748017	0	NA	-0.233441054381284	0.0772583614191357	0.405270706858861	0	NA	-0.581907801887556	-0.102551171854084	0.332718998239029
"174"	1	54	"bglmm"	0	-0.0943070852953683	0.097121074255143	0.293220650618605	0	NA	-0.389161815813603	-0.114250626499428	0.155719363409034	0	NA	-0.555951193191224	-0.269593394121227	0.00183053552639086	0	NA	-0.175826487857905	0.208783465558085	0.611231505724005
"175"	1	55	"bglmm"	0	-0.228087257173468	-0.0348365671457055	0.14638559914863	0	NA	-0.265105900767614	-0.0013215000443721	0.257636804529009	0	NA	-0.18910315530233	0.0724403817127864	0.339229706093021	0	NA	-0.254194117053097	0.117670268376593	0.495621691962199
"176"	1	56	"bglmm"	0	-0.422879435788449	-0.190060097803698	0.0407227501956253	0	NA	-0.134197617303665	0.195940505934759	0.523023923594321	0	NA	-0.212304351678934	0.135766428472358	0.473672898137015	0	NA	-0.603312784781619	-0.113577394210164	0.357549170994553
"177"	1	57	"bglmm"	0	-0.188018424870874	0.000365827598264631	0.188469630889668	0	NA	-0.170749666276245	0.0874184260007009	0.32594259691293	0	NA	-0.430583832897972	-0.170629240504202	0.0940602876568883	0	NA	-0.186365179758964	0.175319499408658	0.530035478136339
"178"	1	58	"bglmm"	0	-0.22353245775546	-0.0338212846500509	0.160301359608574	0	NA	-0.280967322790415	-0.0143422335452406	0.270119701055431	0	NA	-0.265336942495705	0.0144369139909651	0.277875793477366	0	NA	-0.413802683147884	-0.0216415539366828	0.350913668030395
"179"	1	59	"bglmm"	0	-0.185985199772785	0.0179864959062964	0.201231050539661	0	NA	-0.41406255866262	-0.151612366678949	0.116577092092961	0	NA	-0.291101418040916	-0.0268479324236824	0.261118936728406	0	NA	-0.125100325430912	0.257179497222396	0.657103548809282
"180"	1	60	"bglmm"	0	-0.25874297437481	-0.0673462568627523	0.122598952073627	0	NA	-0.0796653305121657	0.186458323254834	0.445419758207418	0	NA	-0.134775159096305	0.138663365339552	0.414140188248833	0	NA	-0.690908226850193	-0.325685139228094	0.0640461969630858
"181"	1	1	"pp"	0	-0.311170922321414	-0.127932735473401	0.0583157173762529	0	NA	-0.185893384834144	0.0774238117793164	0.336222772739522	0	NA	-0.31256818201032	-0.0558452704129488	0.19921064681704	0	NA	-0.403832148089123	-0.0348421707679358	0.348282222058905
"182"	1	2	"pp"	0	-0.201876767515421	-0.0396816917151871	0.128019560783865	0	NA	-0.131192987276132	0.0922477651942585	0.307025939936891	0	NA	-0.191110368040195	0.0361126874554972	0.249546790134791	0	NA	-0.302578398264684	-0.0535451704561043	0.217762926993552
"183"	1	3	"pp"	0	-0.100237731530496	0.0737776796250794	0.248569898605326	0	NA	-0.2995853316291	-0.082034454147237	0.13921409802719	0	NA	-0.219832078834906	0.00497337030347526	0.217482313355175	0	NA	-0.329472071949012	-0.117579229185167	0.0979843722638064
"184"	1	4	"pp"	0	-0.171737447060714	0.0031607864903556	0.166917221778559	0	NA	-0.237861712850618	-0.0293559835158295	0.185678679347748	0	NA	-0.0238432313591614	0.181654773596449	0.393604382445807	0	NA	-0.329715171384246	-0.145160437213536	0.0396058845110966
"185"	1	5	"pp"	0	-0.272282611643424	-0.108643444849988	0.0505498005296352	0	NA	0.0184905970101243	0.216222781691821	0.418456327817676	0	NA	-0.14851783409691	0.0536130829229961	0.2586126018347	0	NA	-0.294910777030895	-0.130246948732258	0.030137796830624
"186"	1	6	"pp"	0	-0.223156203567241	-0.0693432310526767	0.0960109152536361	0	NA	-0.207863034444165	-0.0133038060208755	0.188143471241003	0	NA	-0.0730482510003999	0.12261366793246	0.31786137803263	0	NA	-0.265736984926464	-0.116502210861178	0.026530276596371
"187"	1	7	"pp"	0	-0.0853000283773981	0.067180077180841	0.223887932472021	0	NA	-0.114425803631694	0.0727400892659826	0.270114194467975	0	NA	-0.253596172589278	-0.0607722668549355	0.133875491706916	0	NA	-0.255040715704136	-0.119696705600321	0.0149753713792158
"188"	1	8	"pp"	0	-0.156150122664052	0.00542745612775489	0.168941259313369	0	NA	-0.176298492971011	0.0204712685145696	0.208617186041709	0	NA	-0.0849598580231322	0.105519833190875	0.304094465256426	0	NA	-0.262024840462	-0.135247950128742	-0.005308551323703
"189"	1	9	"pp"	0	-0.207726642789462	-0.0397817766362186	0.129980390147584	0	NA	-0.137971439877667	0.0627852980246045	0.266009923944962	0	NA	-0.215330190577418	-0.0183692858964166	0.185203136062817	0	NA	-0.293426710821287	-0.169447915642923	-0.0508583174242066
"190"	1	10	"pp"	0	-0.322014835797905	-0.155002764099696	0.0070079195734549	0	NA	-0.0610081970488959	0.135505703848629	0.329568327358276	0	NA	-0.0787580724148357	0.116238278585021	0.306245953435781	0	NA	-0.236548698545572	-0.123309185644136	-0.00997807555312965
"191"	1	11	"pp"	0	-0.196156162870273	-0.0230067361367479	0.142211298180708	0	NA	0.0322106667202901	0.23419785519516	0.42823105758283	0	NA	-0.228040178368774	-0.0340392679416532	0.157658055160918	0	NA	-0.21143653065192	-0.106044875226667	0.00373338928196174
"192"	1	12	"pp"	0	-0.307955601026081	-0.126516731049307	0.0582022543583091	0	NA	-0.125627853237279	0.0861398813415584	0.303655376682186	0	NA	0.0513208044684516	0.271637009819014	0.499828070693341	0	NA	-0.208080826495094	-0.104489447524611	0.00227865797468106
"193"	1	13	"pp"	0	-0.368862741997631	-0.191988600721529	-0.0140349062223281	0	NA	0.0194392199223245	0.227309031304093	0.437554707540202	0	NA	-0.0583688268207959	0.14625510079411	0.346644347180654	0	NA	-0.188362236785037	-0.0875423003063226	0.018020377715136
"194"	1	14	"pp"	0	-0.278178133945276	-0.0955552932874215	0.0944083323192964	0	NA	-0.198214811732953	0.0273980657123835	0.241767770727428	0	NA	-0.161836340626764	0.0474634040955543	0.256261533308834	0	NA	-0.191168767564356	-0.0908783258142791	0.00831592465200772
"195"	1	15	"pp"	0	-0.0934414752477265	0.0824944230406868	0.243956835820679	0	NA	-0.154965141063253	0.0381598473230617	0.238180966741441	0	NA	-0.274115871210324	-0.0791207021675959	0.120059586182039	0	NA	-0.188897202284003	-0.0934289474412734	0.00520604083448517
"196"	1	16	"pp"	0	-0.201105555441045	-0.0344592174417061	0.122895827829259	0	NA	-0.092373393744739	0.102791369779799	0.295457345192479	0	NA	-0.272608520059398	-0.0829667026383225	0.112943485189517	0	NA	-0.190423545126681	-0.0975523850851933	-0.00153577185540782
"197"	1	17	"pp"	0	-0.191629358763203	-0.0338762621887448	0.133881820145209	0	NA	-0.209884396143271	-0.0122280765612858	0.183786238594127	0	NA	-0.180914619109292	0.0101912734269619	0.19756814207047	0	NA	-0.184207603178305	-0.0926334737996472	-0.00319435452089748
"198"	1	18	"pp"	0	-0.245635010689263	-0.0832980858823508	0.0732573914709696	0	NA	-0.0398915189162603	0.157204286997953	0.348025407657723	0	NA	-0.300124901623264	-0.113784359377059	0.0679810884237092	0	NA	-0.174286252636112	-0.0848850603600428	0.00184305982617222
"199"	1	19	"pp"	0	-0.245121744971134	-0.0930493124849541	0.0685559684172849	0	NA	-0.0477880696829739	0.138394521223809	0.318631978137977	0	NA	-0.136734572200705	0.0556267145129908	0.244903826312306	0	NA	-0.156798763780756	-0.0707672942152122	0.0126566438160867
"200"	1	20	"pp"	0	-0.0804786544360842	0.0750601177417835	0.241572948551711	0	NA	-0.230133866594034	-0.038053544913111	0.151569189220513	0	NA	-0.189987287888471	0.00683530017667002	0.196361428327088	0	NA	-0.154940817022688	-0.071861444532252	0.0120234911684933
"201"	1	21	"pp"	0	-0.273039805599727	-0.104698382988045	0.0645608039541899	0	NA	-0.106213918681513	0.0903259261815186	0.284613494477488	0	NA	-0.0475515914666391	0.145203495067738	0.335564935095822	0	NA	-0.151668135723019	-0.0729037516434957	0.00838464020326595
"202"	1	22	"pp"	0	-0.128436654494183	0.0385059066638034	0.202014427954653	0	NA	-0.100180144764349	0.0940698965926549	0.283891212724542	0	NA	-0.245898587427683	-0.0562622593679448	0.14043347259756	0	NA	-0.147867495557859	-0.0709123460950868	0.00778384264743336
"203"	1	23	"pp"	0	-0.0832974377568867	0.0826703261685624	0.244910833838998	0	NA	-0.356859933683304	-0.158626623796616	0.0342717450773926	0	NA	-0.225296580486988	-0.0388021742524906	0.149250104394652	0	NA	-0.142346834086434	-0.0676671278213073	0.00925689675251323
"204"	1	24	"pp"	0	-0.107148602783913	0.0579086669942686	0.228777579562376	0	NA	-0.307684697890345	-0.122586729746907	0.0650343013682804	0	NA	-0.183461331701762	0.0212150512104269	0.213552671831516	0	NA	-0.141931934277976	-0.070453297486521	0.00115067265591522
"205"	1	25	"pp"	0	-0.161415262176988	-0.00155871388316157	0.160166425317913	0	NA	-0.149389594549494	0.0393029183874818	0.226832414483871	0	NA	-0.263885389534305	-0.0752333485744971	0.111855524701593	0	NA	-0.133199430863904	-0.0627348068482577	0.00818402706171247
"206"	1	26	"pp"	0	-0.319807607890259	-0.156981927196456	0.000936375047787813	0	NA	-0.149724819480461	0.0343806523527628	0.220595933098001	0	NA	-0.098362391386702	0.0965251818819946	0.284353725610453	0	NA	-0.139722799805661	-0.0683036091113919	0.00285255375362318
"207"	1	27	"pp"	0	-0.314457602683126	-0.156419543057805	0.0128272653858583	0	NA	-0.0652048477586198	0.123032408283242	0.309417116932035	0	NA	-0.169715887612964	0.0253815633661919	0.212433488666248	0	NA	-0.131950120722621	-0.0641482597040789	0.00447705245954228
"208"	1	28	"pp"	0	-0.341876766416739	-0.183272153205545	-0.0213243433414307	0	NA	-0.110606600395004	0.0768466595736267	0.259190472738072	0	NA	-0.12576679394303	0.0613664267031742	0.247766391818192	0	NA	-0.138642063327901	-0.0694952558467665	-0.00231737817607705
"209"	1	29	"pp"	0	-0.134379290470127	0.0269517943013613	0.185449189918508	0	NA	-0.0439528646434908	0.148601556673546	0.343145811833384	0	NA	-0.254578785119415	-0.0599679284890777	0.129693710057904	0	NA	-0.124271691532814	-0.0557532225609827	0.00930062093549597
"210"	1	30	"pp"	0	-0.275627040983275	-0.112615030864639	0.0598275247821323	0	NA	-0.144387246663401	0.0534559051035711	0.239808950235005	0	NA	-0.0100664930161237	0.202765988114234	0.396085244049362	0	NA	-0.120585438455008	-0.0552314999757888	0.0133990379430752
"211"	1	31	"pp"	0	-0.191337400119099	-0.033288998975549	0.129219639970863	0	NA	-0.0325483733889862	0.157220139288078	0.348573559982039	0	NA	-0.184723650298425	0.00735946525741284	0.197348512620873	0	NA	-0.128019819340276	-0.0618452140620423	0.00459208089570041
"212"	1	32	"pp"	0	-0.0925108723597388	0.0721390823368875	0.233310928622808	0	NA	-0.25447695038294	-0.0710096973746711	0.117502528926069	0	NA	-0.205592755689145	-0.0212003751783907	0.167171289710089	0	NA	-0.131236433962516	-0.0647266877446152	0.00267849327641508
"213"	1	33	"pp"	0	-0.091324276552786	0.0777646565309586	0.240354322841325	0	NA	-0.122686305098275	0.0619151630948126	0.251048844201987	0	NA	-0.290206060501464	-0.0988782522593161	0.0946753582326204	0	NA	-0.126411151018186	-0.0612278624515586	0.00546095639991868
"214"	1	34	"pp"	0	-0.102987754664343	0.0691495262145668	0.221535479091361	0	NA	-0.234999548656317	-0.0471060581510867	0.141267571601611	0	NA	-0.245674968637159	-0.062514057856296	0.136613784821386	0	NA	-0.121479285792415	-0.0574760845338211	0.00846906281530005
"215"	1	35	"pp"	0	-0.23513447270874	-0.0740172404659635	0.093772236297589	0	NA	-0.119579137034465	0.0785839638098858	0.270541459972511	0	NA	-0.171702201758367	0.0192707550041328	0.200736507769789	0	NA	-0.117586641563477	-0.0542379716886527	0.00886963211478875
"216"	1	36	"pp"	0	-0.112317144955448	0.0452109951994733	0.198868194808876	0	NA	-0.313458260114032	-0.12617062178511	0.0522418685487288	0	NA	-0.102660178078174	0.0823123685398517	0.265059368410198	0	NA	-0.109996012186061	-0.0489234176443058	0.0124547425273629
"217"	1	37	"pp"	0	-0.242432471728334	-0.0662646870079776	0.104766319284724	0	NA	-0.243213067869579	-0.047453146356145	0.167339431206041	0	NA	-0.118039084166855	0.0804888651028853	0.280624224022682	0	NA	-0.109556509286514	-0.047738412204171	0.0104816958041214
"218"	1	38	"pp"	0	-0.244009823552828	-0.0853190718489426	0.0764044991700291	0	NA	-0.10546003149133	0.0806389256332706	0.264388791964836	0	NA	-0.140915209467409	0.0388181184164293	0.223396369571767	0	NA	-0.106036363789566	-0.0432832585659305	0.0164634972791962
"219"	1	39	"pp"	0	-0.107749246153432	0.0522391450424391	0.226811650186782	0	NA	-0.296493366555077	-0.0989908457639186	0.0891053384294371	0	NA	-0.143675866739251	0.0568500052959838	0.247086867933044	0	NA	-0.104025280811682	-0.0438206454776769	0.0153961174206992
"220"	1	40	"pp"	0	-0.0350510918447988	0.126621027371179	0.278175446017825	0	NA	-0.19796358235845	-0.00847843016009036	0.173224055420406	0	NA	-0.333374561279984	-0.147514894562576	0.0415758977961978	0	NA	-0.104069320961897	-0.0454776107850834	0.0127949516756785
"221"	1	41	"pp"	0	-0.0289676552057335	0.139965278889373	0.303707114651409	0	NA	-0.215285192014507	-0.0221843365469861	0.173079879995783	0	NA	-0.325067273498203	-0.13057950793228	0.0663050143216162	0	NA	-0.102970450736014	-0.0441617102584813	0.0145603187870543
"222"	1	42	"pp"	0	-0.190656179055468	-0.0288837818317688	0.143092556748353	0	NA	-0.150449688169403	0.0590824947538861	0.250912556773063	0	NA	-0.161967531874451	0.0327299250080921	0.221058201666819	0	NA	-0.106824290447547	-0.0509477507745428	0.0086798869956264
"223"	1	43	"pp"	0	-0.185443421149506	-0.0097157533153744	0.162296664210132	0	NA	-0.12699708562656	0.0740001217523577	0.273173888247118	0	NA	-0.223985946058502	-0.0270969389431395	0.176435498495738	0	NA	-0.109780738483698	-0.0526209375456187	0.00415622395125772
"224"	1	44	"pp"	0	-0.212388585834132	-0.0421912986929027	0.120964799446674	0	NA	-0.0575301902624771	0.131001610720431	0.317507086639025	0	NA	-0.127138611485614	0.056375819080721	0.254427289152943	0	NA	-0.104537448330242	-0.0502406292716257	0.00680698698385981
"225"	1	45	"pp"	0	-0.316579826662289	-0.128209701923916	0.0463532478772911	0	NA	-0.140035880944551	0.0754893300361998	0.284998967362492	0	NA	-0.128647464364659	0.0765017016712021	0.289858707110566	0	NA	-0.0990961136775481	-0.0424974377776369	0.0134649067738858
"226"	1	46	"pp"	0	-0.278857869100744	-0.106200414726101	0.0655541577792377	0	NA	-0.187678965962606	0.0108969633652924	0.210836973667708	0	NA	-0.0558133805247189	0.139141128404154	0.342036777568178	0	NA	-0.094128624101705	-0.0374484632011133	0.0189198884763411
"227"	1	47	"pp"	0	-0.220670938380611	-0.0587742436915235	0.108975287460018	0	NA	-0.130917728842377	0.0564960510946986	0.247735161759449	0	NA	-0.1389867727908	0.0507279349878389	0.228186129754176	0	NA	-0.0936219396371228	-0.0369497323551271	0.0174713147345739
"228"	1	48	"pp"	0	-0.303873556728005	-0.127522723348113	0.0429243602171336	0	NA	-0.0425127290875358	0.158102235091182	0.346670913568291	0	NA	-0.205873687922302	-0.0074696562564275	0.183858372672222	0	NA	-0.0964901154170154	-0.0422361617370928	0.0135134848024683
"229"	1	49	"pp"	0	-0.158608938054083	-0.0015259840867446	0.153114869606792	0	NA	-0.0478219186572405	0.13669284437417	0.321397567312302	0	NA	-0.269212507421213	-0.0845927478720865	0.0998665617542699	0	NA	-0.0968603886966223	-0.0431394137412959	0.0130541935047108
"230"	1	50	"pp"	0	-0.0491143465395999	0.115286563593421	0.278078698504481	0	NA	-0.226001809540885	-0.0350102664868736	0.156879913108493	0	NA	-0.224733418853797	-0.0330683390855976	0.164591351583297	0	NA	-0.0943718032375236	-0.0398657460801787	0.0159434979754493
"231"	1	51	"pp"	0	-0.0866702225323002	0.0773575400067503	0.24706757203919	0	NA	-0.271337797480013	-0.076874174605838	0.108833355277889	0	NA	-0.247497651052771	-0.0553712858596888	0.128535826747702	0	NA	-0.0908651419410859	-0.0354356454237892	0.0199177779285854
"232"	1	52	"pp"	0	-0.116362423181583	0.0418736717513936	0.197491108943234	0	NA	-0.182815604011033	-0.00431875331607408	0.180856873036928	0	NA	-0.192245169959003	-0.0110729613710272	0.175306850533876	0	NA	-0.0893546201484223	-0.0359428950995783	0.0170399667023067
"233"	1	53	"pp"	0	-0.316416549610732	-0.133570256855631	0.0583546783801112	0	NA	0.0285989715100716	0.256781107155065	0.47802064768119	0	NA	-0.174942971927007	0.0462984164241493	0.267326608956328	0	NA	-0.0925199766841208	-0.0375170886120886	0.0169739568418266
"234"	1	54	"pp"	0	-0.131591162153034	0.0349973667051877	0.198542604437364	0	NA	-0.18742788887709	0.00340513005013986	0.202508696496976	0	NA	-0.342587654971463	-0.145623703718652	0.0497861447647047	0	NA	-0.0868663668856249	-0.0326183259477707	0.0212923179025575
"235"	1	55	"pp"	0	-0.231878071326308	-0.071995497774035	0.0751677907988547	0	NA	-0.107874632623932	0.0732896009943764	0.253825536101377	0	NA	-0.0273098538695262	0.148523336004044	0.327168850641634	0	NA	-0.0822217517879718	-0.0297000644906633	0.0229138246145335
"236"	1	56	"pp"	0	-0.374570466690281	-0.163916572390347	0.0310022289600976	0	NA	-0.0888492767081504	0.144701569974819	0.381897214131099	0	NA	-0.159097067585549	0.094113797307415	0.331226869171268	0	NA	-0.0810967696323838	-0.0306194513737563	0.0234918550449947
"237"	1	57	"pp"	0	-0.207042555903435	-0.0485322563674409	0.112033402763688	0	NA	-0.0049411556241982	0.182832443805791	0.365213403053932	0	NA	-0.252804320275608	-0.0683511334043648	0.11118369928398	0	NA	-0.076822152956714	-0.0269757563912853	0.0259661313119526
"238"	1	58	"pp"	0	-0.199452425460585	-0.031610805612392	0.124035102239327	0	NA	-0.195415132919747	-0.0111619598519334	0.181941394144881	0	NA	-0.176268591777716	0.012643037660261	0.200386136862379	0	NA	-0.0774485133191313	-0.027464786752294	0.0247724943484876
"239"	1	59	"pp"	0	-0.21936478953409	-0.0567773020040227	0.102208356320785	0	NA	-0.203454099272583	-0.0107708497785375	0.175918177057027	0	NA	-0.0747377715216626	0.121725822368612	0.306486886460022	0	NA	-0.072440737027441	-0.02272687052779	0.0268868137778381
"240"	1	60	"pp"	0	-0.161264017477113	0.0115483694947652	0.171847004696006	0	NA	-0.147438882484646	0.0369636874923858	0.226781654233845	0	NA	-0.208461654999839	-0.0132696900035126	0.184718518541841	0	NA	-0.0767588434561341	-0.0272714792434356	0.0217269655359011
