"repeat_id"	"expt"	"analysis_type"	"true_base"	"b_base_lower"	"b_base_med"	"b_base_upper"	"true_sex"	"b_sex_p_value"	"b_sex_lower"	"b_sex_med"	"b_sex_upper"	"true_cond"	"b_cond_p_value"	"b_cond_lower"	"b_cond_med"	"b_cond_upper"	"true_sex_cond"	"b_sex_cond_p_value"	"b_sex_cond_lower"	"b_sex_cond_med"	"b_sex_cond_upper"
"1"	1	1	"anova"	0	0.417975683096487	0.46	0.502024316903512	0	0.286938905552121	-0.0274313589144121	0.0320000000000003	0.0914313589144128	0	0.00513400476329908	0.0265686410855874	0.0859999999999999	0.145431358914412	2	1.01396109439243e-09	0.209951366192975	0.294	0.378048633807025
"2"	1	2	"anova"	0	0.420753926770806	0.464	0.507246073229194	0	0.175422418049517	-0.0191591832801056	0.042	0.103159183280106	0	0.300672469069203	-0.0291591832801058	0.0319999999999999	0.0931591832801055	2	6.91194910224899e-12	0.265507853541613	0.352	0.438492146458388
"3"	1	3	"anova"	0	0.440838493299365	0.484	0.527161506700635	0	0.603141952381332	-0.077039588148495	-0.0159999999999997	0.0450395881484957	0	0.0820944416117867	-0.00703958814849559	0.0539999999999998	0.115039588148495	2	1.54914421982277e-12	0.27967698659873	0.366	0.45232301340127
"4"	1	4	"anova"	0	0.438239182873031	0.486	0.533760817126969	0	0.557113674702058	-0.0475439953309806	0.0200000000000003	0.0875439953309812	0	0.319254907060864	-0.0335439953309809	0.0340000000000001	0.101543995330981	2	1.22928263525777e-09	0.236478365746062	0.332	0.427521634253938
"5"	1	5	"anova"	0	0.469305801133229	0.51	0.550694198866771	0	0.890266669456764	-0.053550287947295	0.00400000000000027	0.0615502879472955	0	0.490952240832891	-0.0775502879472954	-0.0200000000000002	0.0375502879472951	2	8.46826540799933e-14	0.290611602266458	0.372	0.453388397733542
"6"	1	6	"anova"	0	0.417447132090101	0.458	0.498552867909899	0	0.369415306997974	-0.0313504157913044	0.026	0.0833504157913044	0	0.099640487789645	-0.00935041579130481	0.0479999999999996	0.105350415791304	2	1.89920759270083e-12	0.260894264180202	0.342000000000001	0.423105735819799
"7"	1	7	"anova"	0	0.48103291273456	0.52	0.55896708726544	0	0.429025198535633	-0.0771077832969609	-0.0219999999999997	0.0331077832969614	0	0.07470900609159	-0.105107783296961	-0.0500000000000002	0.00510778329696102	2	2.63034892612127e-18	0.37206582546912	0.45	0.52793417453088
"8"	1	8	"anova"	0	0.462499056920572	0.5	0.537500943079428	0	0.549714233567529	-0.0370343423047079	0.0160000000000003	0.0690343423047085	0	0.370273345761471	-0.0290343423047084	0.0239999999999999	0.0770343423047082	2	4.79696316878044e-13	0.252998113841144	0.328	0.403001886158856
"9"	1	9	"anova"	0	0.446530020761411	0.49	0.533469979238589	0	0.177629789598404	-0.0194758341952888	0.0420000000000004	0.10347583419529	0	0.846392391989739	-0.0674758341952892	-0.00599999999999996	0.0554758341952893	2	3.41117861183071e-11	0.251060041522822	0.338	0.424939958477178
"10"	1	10	"anova"	0	0.46331862911289	0.504	0.54468137088711	0	0.782572318062107	-0.0495321464444808	0.00800000000000039	0.0655321464444815	0	0.0875239576346445	-0.107532146444481	-0.0500000000000002	0.007532146444481	2	3.95229176588001e-16	0.34063725822578	0.422	0.503362741774221
"11"	1	11	"anova"	0	0.434530797514502	0.475999999999999	0.517469202485496	0	0.735088852191904	-0.0486463085757855	0.0100000000000008	0.0686463085757872	0	0.457286498024938	-0.080646308575786	-0.0219999999999996	0.0366463085757869	2	2.65417561910118e-16	0.351061595029005	0.433999999999999	0.516938404970994
"12"	1	12	"anova"	0	0.447700186522696	0.488	0.528299813477304	0	0.780567200619118	-0.0489925427807087	0.00800000000000058	0.0649925427807099	0	0.780567200619062	-0.0649925427807091	-0.00799999999999978	0.0489925427807096	2	9.36847073158521e-16	0.329400373045392	0.41	0.490599626954608
"13"	1	13	"anova"	0	0.510901421565557	0.554	0.597098578434442	0	0.0618611275918422	-0.118950594140989	-0.0579999999999996	0.00295059414098958	0	0.120921685952286	-0.108950594140989	-0.0480000000000001	0.0129505941409892	2	1.66244591292666e-14	0.323802843131115	0.41	0.496197156868885
"14"	1	14	"anova"	0	0.439543208357367	0.482	0.524456791642632	0	0.741022861457246	-0.0700429705558589	-0.00999999999999976	0.0500429705558594	0	0.691709696166968	-0.0480429705558593	0.0119999999999999	0.0720429705558591	2	4.78965882977467e-15	0.331086416714735	0.416	0.500913583285265
"15"	1	15	"anova"	0	0.455107792870299	0.498	0.5408922071297	0	0.793513783818382	-0.0686587410429381	-0.00799999999999974	0.0526587410429386	0	0.513369519490226	-0.0406587410429385	0.0199999999999998	0.0806587410429382	2	6.62761672674494e-13	0.286215585740599	0.372	0.457784414259401
"16"	1	16	"anova"	0	0.453088340879146	0.494	0.534911659120854	0	0.731619735170137	-0.0478578231878966	0.0100000000000003	0.0678578231878972	0	0.493252270408737	-0.0378578231878969	0.0200000000000001	0.0778578231878971	2	4.04005529892075e-12	0.256176681758292	0.338	0.419823318241708
"17"	1	17	"anova"	0	0.478557558594544	0.516	0.553442441405456	0	0.369530089285602	-0.0769516084439552	-0.0239999999999995	0.0289516084439561	0	0.880806390123496	-0.0489516084439555	0.00400000000000021	0.0569516084439559	2	2.09124086345784e-15	0.299115117189088	0.374	0.448884882810911
"18"	1	18	"anova"	0	0.414902499337979	0.456	0.497097500662021	0	0.0368704977805354	0.00387935718413317	0.0620000000000001	0.120120642815867	0	0.0787549475264711	-0.0061206428158671	0.0519999999999999	0.110120642815867	2	1.78106866109925e-10	0.221804998675959	0.304	0.386195001324042
"19"	1	19	"anova"	0	0.436480450620179	0.472	0.507519549379821	0	0.00863352203293378	0.017767771537677	0.0680000000000004	0.118232228462324	0	0.157567889685116	-0.0142322284623235	0.036	0.0862322284623235	2	3.77522533819397e-12	0.222960901240358	0.294	0.365039098759642
"20"	1	20	"anova"	0	0.472000039532487	0.506	0.539999960467513	0	0.934194378566628	-0.0500832052133058	-0.00199999999999969	0.0460832052133064	0	0.410022485973295	-0.0680832052133064	-0.0200000000000002	0.028083205213306	2	2.22250424899804e-18	0.326000079064974	0.394	0.461999920935026
"21"	1	21	"anova"	0	0.41114187875295	0.453999999999999	0.496858121247049	0	0.152331280494719	-0.0166105363254078	0.0440000000000002	0.104610536325408	0	0.0799936120452855	-0.0066105363254081	0.054	0.114610536325408	2	1.70939347247698e-11	0.254283757505901	0.34	0.4257162424941
"22"	1	22	"anova"	0	0.452235646409617	0.496	0.539764353590382	0	0.277361932459395	-0.0278921423960106	0.0340000000000001	0.0958921423960108	0	0.797536528690701	-0.0698921423960111	-0.00800000000000033	0.0538921423960104	2	7.0651939676048e-12	0.268471292819235	0.356	0.443528707180766
"23"	1	23	"anova"	0	0.48304955875772	0.528	0.57295044124228	0	0.617616037705245	-0.0795695236394865	-0.0159999999999997	0.047569523639487	0	0.662174998092157	-0.077569523639487	-0.0140000000000001	0.0495695236394867	2	8.2994694489218e-12	0.274099117515441	0.364	0.453900882484559
"24"	1	24	"anova"	0	0.485466627188841	0.524	0.562533372811158	0	0.770788577740303	-0.0624944184335184	-0.00799999999999978	0.0464944184335188	0	0.884156284236507	-0.0584944184335189	-0.00400000000000024	0.0504944184335184	2	1.41365551496638e-14	0.290933254377684	0.368	0.445066745622317
"25"	1	25	"anova"	0	0.482395087986597	0.524	0.565604912013403	0	0.0203512946804953	-0.128838230830693	-0.0699999999999997	-0.0111617691693061	0	0.892653684439825	-0.0548382308306937	0.00399999999999994	0.0628382308306935	2	1.34381176179551e-16	0.358790175973195	0.442	0.525209824026806
"26"	1	26	"anova"	0	0.482548422020772	0.524	0.565451577979228	0	0.379830314515013	-0.08462138375999	-0.0259999999999999	0.0326213837599902	0	0.94600358961468	-0.0566213837599905	0.00199999999999972	0.06062138375999	2	2.69299893216645e-13	0.285096844041544	0.368	0.450903155958457
"27"	1	27	"anova"	0	0.483425354441155	0.526	0.568574645558845	0	0.324166655323599	-0.0902096411625458	-0.0299999999999998	0.0302096411625462	0	0.843204356027728	-0.0542096411625466	0.00599999999999954	0.0662096411625457	2	4.98727428558707e-13	0.28685070888231	0.372	0.457149291117691
"28"	1	28	"anova"	0	0.503054349725463	0.542	0.580945650274536	0	0.196914522529571	-0.0910774668136889	-0.0359999999999998	0.0190774668136894	0	0.47176111381423	-0.0750774668136895	-0.0200000000000002	0.035077466813689	2	2.03301047893428e-16	0.332108699450927	0.41	0.487891300549074
"29"	1	29	"anova"	0	0.461391041785892	0.504	0.546608958214108	0	1	-0.0602581665849796	3.96113149492135e-16	0.0602581665849803	0	0.792173120797238	-0.0522581665849798	0.00800000000000023	0.0682581665849802	2	7.77164234248577e-13	0.282782083571784	0.368	0.453217916428216
"30"	1	30	"anova"	0	0.474364990385351	0.516	0.557635009614648	0	0.589947115531096	-0.0748807952665691	-0.0159999999999996	0.0428807952665699	0	0.736103649891825	-0.0688807952665695	-0.0099999999999999	0.0488807952665697	2	4.79561993360783e-14	0.302729980770704	0.386	0.469270019229296
"31"	1	31	"anova"	0	0.477682058533195	0.517999999999999	0.558317941466804	0	1	-0.0570181796293187	4.48643572174847e-16	0.0570181796293196	0	0.834554019063135	-0.0630181796293192	-0.00599999999999996	0.0510181796293192	2	3.32544991562008e-13	0.275364117066391	0.356	0.436635882933608
"32"	1	32	"anova"	0	0.434932697645249	0.482	0.529067302354751	0	0.372209424672218	-0.0365632173344036	0.0300000000000002	0.0965632173344039	0	0.172742771655782	-0.0205632173344039	0.0459999999999999	0.112563217334404	2	4.08986190310524e-09	0.219865395290498	0.314	0.408134604709502
"33"	1	33	"anova"	0	0.492809480407874	0.536	0.579190519592126	0	0.475351051594491	-0.0830806185731252	-0.0219999999999999	0.0390806185731255	0	0.0402535997467889	-0.125080618573126	-0.0640000000000002	-0.00291938142687478	2	8.08742930526454e-15	0.331618960815748	0.418	0.504381039184252
"34"	1	34	"anova"	0	0.499241858006146	0.542	0.584758141993854	0	0.431702497383638	-0.0844691443095826	-0.0239999999999998	0.036469144309583	0	0.266300788112517	-0.0944691443095833	-0.0340000000000004	0.0264691443095825	2	1.79705175870559e-14	0.320483716012292	0.406	0.491516283987708
"35"	1	35	"anova"	0	0.425544612477683	0.47	0.514455387522316	0	0.449422562349602	-0.038869411954611	0.0240000000000004	0.0868694119546119	0	0.658654611619679	-0.0488694119546115	0.014	0.0768694119546116	2	5.58537250439168e-12	0.275089224955367	0.364	0.452910775044633
"36"	1	36	"anova"	0	0.450672604406542	0.496	0.541327395593458	0	0.241418722749625	-0.0261026175953181	0.0380000000000003	0.102102617595319	0	0.664808977829139	-0.0501026175953185	0.0139999999999999	0.0781026175953184	2	2.01572536717208e-10	0.243345208813084	0.334	0.424654791186916
"37"	1	37	"anova"	0	0.439171116815191	0.481999999999999	0.524828883184808	0	0.471644258316037	-0.0385691874612483	0.0220000000000006	0.0825691874612494	0	0.793215546418024	-0.0525691874612486	0.00800000000000035	0.0685691874612493	2	1.42400125085557e-12	0.278342233630383	0.364	0.449657766369616
"38"	1	38	"anova"	0	0.477124078280843	0.518	0.558875921719157	0	0.450806618143935	-0.0358072828697324	0.0220000000000003	0.079807282869733	0	0.537003706658006	-0.0758072828697327	-0.018	0.0398072828697328	2	1.92783746899858e-13	0.284248156561686	0.366	0.447751843438314
"39"	1	39	"anova"	0	0.474754828091114	0.51	0.545245171908887	0	0.750100370337674	-0.0418442001217186	0.00799999999999993	0.0578442001217184	0	0.690586919906042	-0.0598442001217189	-0.0100000000000003	0.0398442001217182	2	1.11057123880605e-16	0.305509656182227	0.376000000000001	0.446490343817774
"40"	1	40	"anova"	0	0.446493055915374	0.488	0.529506944084626	0	0.418007704303217	-0.0346996832571389	0.0240000000000003	0.0826996832571395	0	0.499454173243401	-0.0786996832571395	-0.0200000000000002	0.0386996832571391	2	3.42573162044063e-14	0.304986111830749	0.388	0.471013888169252
"41"	1	41	"anova"	0	0.480581173143503	0.522	0.563418826856496	0	0.177824789225946	-0.0985750666780398	-0.0399999999999996	0.0185750666780406	0	0.684402803852386	-0.0705750666780404	-0.0120000000000001	0.0465750666780402	2	7.16742155659363e-15	0.319162346287007	0.402	0.484837653712993
"42"	1	42	"anova"	0	0.499889689569003	0.534	0.568110310430997	0	0.0869604014178378	-0.0902392636282722	-0.0419999999999995	0.00623926362827321	0	0.621713125361312	-0.0602392636282725	-0.0119999999999997	0.036239263628273	2	1.58955758092475e-18	0.329779379138005	0.398	0.466220620861994
"43"	1	43	"anova"	0	0.448652469878773	0.486	0.523347530121227	0	0.940080852918129	-0.0508173836185759	0.00200000000000047	0.0548173836185769	0	0.548079963549567	-0.0688173836185764	-0.0159999999999999	0.0368173836185765	2	7.52499607498473e-18	0.347304939757546	0.422	0.496695060242453
"44"	1	44	"anova"	0	0.482002778315513	0.528	0.573997221684487	0	0.301176405807679	-0.0990498947376829	-0.0339999999999996	0.0310498947376837	0	0.14578545090257	-0.113049894737683	-0.048	0.0170498947376834	2	2.82499478225186e-14	0.340005556631026	0.432	0.523994443368974
"45"	1	45	"anova"	0	0.472117510438671	0.514	0.555882489561329	0	0.546808471402343	-0.0772307847635808	-0.0179999999999997	0.0412307847635813	0	0.503296985820118	-0.0792307847635813	-0.0200000000000002	0.039230784763581	2	2.66889023800795e-15	0.332235020877342	0.416	0.499764979122658
"46"	1	46	"anova"	0	0.448050269294252	0.489999999999999	0.531949730705747	0	1	-0.0593258781019666	5.70982855246873e-16	0.0593258781019678	0	1	-0.059325878101967	2.97904098389673e-16	0.0593258781019676	2	1.22525928204683e-14	0.318100538588505	0.402	0.485899461411495
"47"	1	47	"anova"	0	0.452771260288346	0.492	0.531228739711653	0	0.774738701588432	-0.0474778157350242	0.0080000000000003	0.0634778157350249	0	0.667830180058406	-0.0434778157350247	0.0119999999999999	0.0674778157350245	2	6.23309663182196e-15	0.303542520576693	0.382	0.460457479423307
"48"	1	48	"anova"	0	0.464917742276253	0.506	0.547082257723747	0	0.68196088905023	-0.0460990860458299	0.0119999999999999	0.0700990860458298	0	0.891296603802822	-0.0620990860458302	-0.00400000000000026	0.0540990860458297	2	8.06875429597511e-14	0.293835484552506	0.376	0.458164515447494
"49"	1	49	"anova"	0	0.456009619613615	0.496	0.535990380386384	0	0.400653110419451	-0.0325549383068841	0.0240000000000003	0.0805549383068847	0	0.400653110419437	-0.0805549383068846	-0.0240000000000001	0.0325549383068844	2	1.00557196639876e-13	0.28401923922723	0.364	0.44398076077277
"50"	1	50	"anova"	0	0.470711212238657	0.508	0.545288787761342	0	0.651684032856101	-0.0407343093765422	0.0120000000000003	0.0647343093765427	0	0.293630641839281	-0.0807343093765426	-0.0280000000000001	0.0247343093765423	2	5.44647027329597e-17	0.329422424477315	0.404	0.478577575522685
"51"	1	51	"anova"	0	0.459605036764751	0.497999999999999	0.536394963235248	0	0.381461966725705	-0.0302986777341048	0.0240000000000005	0.0782986777341058	0	0.465450235519665	-0.0342986777341057	0.0199999999999997	0.0742986777341051	2	1.52710518611105e-14	0.289210073529502	0.366	0.442789926470498
"52"	1	52	"anova"	0	0.428728707066657	0.468	0.507271292933343	0	0.774976079142833	-0.0475379950782606	0.00800000000000032	0.0635379950782613	0	0.103146860983505	-0.009537995078261	0.046	0.101537995078261	2	6.52657663751785e-15	0.303457414133313	0.382	0.460542585866687
"53"	1	53	"anova"	0	0.432748974319019	0.48	0.527251025680981	0	0.374061725495333	-0.0368230413540826	0.0300000000000002	0.0968230413540831	0	0.952622440083048	-0.0648230413540832	0.00199999999999975	0.0688230413540827	2	3.22652439608083e-11	0.273497948638038	0.368	0.462502051361963
"54"	1	54	"anova"	0	0.438098469813769	0.478	0.51790153018623	0	0.943909461888599	-0.0544292851488064	0.00200000000000058	0.0584292851488075	0	0.183846536526675	-0.0184292851488068	0.0380000000000003	0.0944292851488073	2	5.92734928864758e-14	0.288196939627538	0.367999999999999	0.447803060372461
"55"	1	55	"anova"	0	0.449671703340662	0.49	0.530328296659338	0	0.834595875015938	-0.0630328240830414	-0.00599999999999954	0.0510328240830423	0	0.0848386257316961	-0.00703282408304187	0.0500000000000001	0.107032824083042	2	8.03232157745502e-13	0.267343406681323	0.348	0.428656593318677
"56"	1	56	"anova"	0	0.444484418252913	0.488	0.531515581747086	0	0.606088527162863	-0.0455403258812842	0.0160000000000003	0.0775403258812849	0	0.561922962300293	-0.0795403258812848	-0.0180000000000002	0.0435403258812844	2	4.530335041838e-14	0.316968836505827	0.404	0.491031163494173
"57"	1	57	"anova"	0	0.441168679547687	0.484	0.526831320452312	0	0.743205652749212	-0.0505726342780082	0.0100000000000004	0.0705726342780089	0	0.432486556998585	-0.0365726342780086	0.024	0.0845726342780087	2	3.39183610814249e-13	0.292337359095375	0.378	0.463662640904625
"58"	1	58	"anova"	0	0.433385223252273	0.477999999999999	0.522614776747726	0	0.234051730078647	-0.025094822358882	0.0380000000000003	0.101094822358883	0	0.489511646210429	-0.0410948223588826	0.0219999999999997	0.0850948223588821	2	4.53436125252497e-11	0.254770446504547	0.344	0.433229553495453
"59"	1	59	"anova"	0	0.439823160746636	0.478	0.516176839253363	0	0.825423568146214	-0.0479902038406433	0.00600000000000025	0.0599902038406438	0	0.18814529098028	-0.0179902038406439	0.0359999999999998	0.0899902038406435	2	7.53868863666796e-14	0.273646321493274	0.35	0.426353678506726
"60"	1	60	"anova"	0	0.42661987431817	0.466	0.50538012568183	0	0.319837460457369	-0.0276919078272003	0.0280000000000001	0.0836919078272006	0	0.00545149909134933	0.0243080921727994	0.0799999999999999	0.1356919078272	2	1.0582404068677e-10	0.217239748636341	0.296	0.374760251363659
"61"	1	1	"glmm"	0	-0.336210818939234	-0.16034265007518	0.0155255187888742	0	NA	-0.119992801139182	0.128339918989006	0.376672639117195	0	NA	0.0960199054505524	0.344864427778737	0.593708950106922	2	NA	1.20403116245807	1.60589746329637	2.00776376413467
"62"	1	2	"glmm"	0	-0.326207877013759	-0.144619729763223	0.0369684174873129	0	NA	-0.0878162583009756	0.168686112258961	0.425188482818898	0	NA	-0.127906527774099	0.128575786537852	0.385058100849803	2	NA	1.51835731538232	1.94216856034566	2.36597980530899
"63"	1	3	"glmm"	0	-0.244859338167242	-0.0641757997967732	0.116507738573696	0	NA	-0.320011105772688	-0.0643039037084096	0.191403298355869	0	NA	-0.0389959779597814	0.216832183889355	0.472660345738492	2	NA	1.56413372884465	1.98577967634231	2.40742562383997
"64"	1	4	"glmm"	0	-0.258277966781886	-0.0566378671217574	0.145002232538371	0	NA	-0.204175613295889	0.0810438165653793	0.366263246426648	0	NA	-0.147622859370621	0.137657981351359	0.422938822073339	2	NA	1.32679365956062	1.7757429521841	2.22469224480758
"65"	1	5	"glmm"	0	-0.135334252419334	0.040005334613699	0.215344921646732	0	NA	-0.231982152801705	0.0160093069409725	0.26400076668365	0	NA	-0.327978306371214	-0.0800106692273982	0.167956967916418	2	NA	1.49198241708168	1.89004111483853	2.28809981259538
"66"	1	6	"glmm"	0	-0.344323127199909	-0.168396817325461	0.00752949254898672	0	NA	-0.144046574254671	0.10437495856053	0.352796491375731	0	NA	-0.0559690515749671	0.192397969425004	0.440764990424974	2	NA	1.40566251397616	1.80842235804395	2.21118220211174
"67"	1	7	"glmm"	0	-0.0954022244973912	0.0800427076735364	0.255487639844464	0	NA	-0.336061078150297	-0.0880427503406128	0.159975577469072	0	NA	-0.448428100673129	-0.2001870195156	0.0480540616419297	2	NA	1.96358179105233	2.38338431720042	2.80318684334851
"68"	1	8	"glmm"	0	-0.17530452483366	4.27388352471412e-17	0.17530452483366	0	NA	-0.183959706604474	0.0640218587649305	0.312003424134335	0	NA	-0.151987291066224	0.0960738300896225	0.344134951245469	2	NA	1.3241040204795	1.72329410321933	2.12248418595917
"69"	1	9	"glmm"	0	-0.219845113185299	-0.0400777645278545	0.13968958412959	0	NA	-0.0859613951403162	0.168503021565481	0.422967438271278	0	NA	-0.278338873286871	-0.0240713378513945	0.230196197584082	2	NA	1.34192639421374	1.74742567636563	2.15292495851751
"70"	1	10	"glmm"	0	-0.159309773700597	0.016000341346441	0.191310456393479	0	NA	-0.215948808224067	0.03200887783992	0.279966563903907	0	NA	-0.44897258730116	-0.200522119049998	0.0479283492011643	2	NA	1.77423415818944	2.18337977139456	2.59252538459969
"71"	1	11	"glmm"	0	-0.271580607847439	-0.0960738300896227	0.0794329476681938	0	NA	-0.20805045573685	0.0400591885349517	0.288168832806753	0	NA	-0.337037216169358	-0.0884479476139345	0.160141320941489	2	NA	1.89962334370739	2.31965984418583	2.73969634466428
"72"	1	12	"glmm"	0	-0.223364213079352	-0.0480092191863605	0.127345774706631	0	NA	-0.21594878456457	0.0320088778399193	0.279966540244409	0	NA	-0.280086477134871	-0.0320334884871757	0.216019500160519	2	NA	1.80353810530399	2.22323108482162	2.64292406433925
"73"	1	13	"glmm"	0	0.0383224356448098	0.217074763684044	0.395827091723278	0	NA	-0.485160707498244	-0.233097041263445	0.0189666249713539	0	NA	-0.445110643995716	-0.193050245407942	0.0590101531798314	2	NA	1.60990378298833	2.00937200224875	2.40884022150918
"74"	1	14	"glmm"	0	-0.250350116725371	-0.0721192824122381	0.106111551900895	0	NA	-0.292303214572648	-0.040137900921065	0.212027412730518	0	NA	-0.203896789544035	0.0480865124606537	0.300069814465342	2	NA	1.8364753853089	2.26337736955458	2.69027935380025
"75"	1	15	"glmm"	0	-0.186541041194563	-0.00802287364510748	0.170495293904348	0	NA	-0.284515223001373	-0.0320315589758664	0.22045210504964	0	NA	-0.17238230655414	0.0801601557126175	0.332702617979375	2	NA	1.55995757812131	1.97357903918952	2.38720050025774
"76"	1	16	"glmm"	0	-0.199318265865802	-0.0240011520995435	0.151315961666715	0	NA	-0.207929381686438	0.040001493445985	0.287932368578408	0	NA	-0.167959740205373	0.0800157936542151	0.327991327513803	2	NA	1.33999089863405	1.73598545049898	2.1319800023639
"77"	1	17	"glmm"	0	-0.111372474432129	0.0640218587649317	0.239416191961992	0	NA	-0.344021998074243	-0.0960245898511056	0.151972818372032	0	NA	-0.232059949830899	0.0160208489086045	0.264101647648108	2	NA	1.51667335788944	1.91694064337049	2.31720792885154
"78"	1	18	"glmm"	0	-0.352443649467283	-0.176456437341557	-0.000469225215830898	0	NA	6.12012721465383e-06	0.24848756555044	0.496969010973666	0	NA	-0.0399578699272668	0.208459168427731	0.456876206782728	2	NA	1.25350726915541	1.65630817206643	2.05910907497744
"79"	1	19	"glmm"	0	-0.287697314581328	-0.112117298120706	0.0634627183399157	0	NA	0.0239484719379959	0.272459948195886	0.520971424453776	0	NA	-0.104008707971653	0.14412002920688	0.392248766385414	2	NA	1.19596175812192	1.59649608191077	1.99703040569961
"80"	1	20	"glmm"	0	-0.151315971031005	0.0240011520995429	0.199318275230091	0	NA	-0.255931707640789	-0.00800081075310118	0.239930086134586	0	NA	-0.327991351172963	-0.0800157936542139	0.167959763864535	2	NA	1.63273269995734	2.03764100120933	2.44254930246132
"81"	1	21	"glmm"	0	-0.365206917969206	-0.184863871839248	-0.00452082570928977	0	NA	-0.0776713047135486	0.176845504885836	0.43136231448522	0	NA	-0.0376034656606265	0.21693490895708	0.471473283574787	2	NA	1.48264729638282	1.90542044599109	2.32819359559936
"82"	1	22	"glmm"	0	-0.198596700602434	-0.0160485430732666	0.166499614455901	0	NA	-0.121795855439537	0.136591064819018	0.394977985077573	0	NA	-0.290309050511041	-0.0321157323834305	0.22607758574418	2	NA	1.47191110329391	1.89013193944458	2.30835277559524
"83"	1	23	"glmm"	0	-0.0742888122284087	0.11271214391884	0.299713100066089	0	NA	-0.328746750171395	-0.0644591620754053	0.199828426020584	0	NA	-0.320701828360385	-0.0563983548906917	0.207905118579002	2	NA	1.43054256080298	1.84769021593768	2.26483787107238
"84"	1	24	"glmm"	0	-0.0794330094049264	0.0960738300896216	0.27158066958417	0	NA	-0.280176606506702	-0.0320519713246909	0.21607266385732	0	NA	-0.264191507213558	-0.0160311224160852	0.232129262381388	2	NA	1.53811238125937	1.94443942834136	2.35076647542334
"85"	1	25	"glmm"	0	-0.079432900694676	0.096073830089621	0.271580560873918	0	NA	-0.529184781093703	-0.280595607793178	-0.032006434492653	0	NA	-0.232212290654974	0.016043468031085	0.264299226717144	2	NA	1.9438137173783	2.36570288700866	2.78759205663902
"86"	1	26	"glmm"	0	-0.079432928878783	0.0960738300896217	0.271580589058026	0	NA	-0.352135868890973	-0.104073872756698	0.143988123377577	0	NA	-0.240208853493043	0.00802006095301206	0.256248975399067	2	NA	1.4841144162839	1.88336977378756	2.28262513129122
"87"	1	27	"glmm"	0	-0.0725314927368981	0.104145081649581	0.280821656036061	0	NA	-0.369847197208307	-0.120154155555652	0.129538886097003	0	NA	-0.225841981298989	0.0240941804513996	0.274030342201789	2	NA	1.52423332879972	1.92945723287532	2.33468113695091
"88"	1	28	"glmm"	0	-0.00752941549930811	0.168396817325462	0.344323050150232	0	NA	-0.392762567134739	-0.144395665225919	0.103971236682902	0	NA	-0.328817922713174	-0.0803399619342789	0.168137998844616	2	NA	1.79164655881856	2.20988832366435	2.62813008851013
"89"	1	29	"glmm"	0	-0.160907821192591	0.0160111387747277	0.192930098742046	0	NA	-0.250200679800699	2.97399045183449e-07	0.25020127459879	0	NA	-0.218201569131847	0.032032051774783	0.282265672681413	2	NA	1.53599397612736	1.94546696743611	2.35493995874485
"90"	1	30	"glmm"	0	-0.11137246505546	0.0640218587649309	0.239416182585322	0	NA	-0.312003392896322	-0.0640218587649307	0.18395967536646	0	NA	-0.288011146531669	-0.040020706665388	0.207969733200893	2	NA	1.59142169601046	1.99510523199518	2.3987887679799
"91"	1	31	"glmm"	0	-0.1033871150261	0.0720311282088829	0.247449371443866	0	NA	-0.248078877622058	1.73087265864455e-16	0.248078877622058	0	NA	-0.272056083657942	-0.0240219090225221	0.224012265612897	2	NA	1.43619667750302	1.8353805728869	2.23456446827079
"92"	1	32	"glmm"	0	-0.269525532854382	-0.0727508242938913	0.124023884266599	0	NA	-0.157029786768453	0.121269980203266	0.399569747174985	0	NA	-0.092447382087537	0.18595563874682	0.464358659581177	2	NA	1.25887904383852	1.69868135089439	2.13848365795026
"93"	1	33	"glmm"	0	-0.0348514391676229	0.144474268212093	0.323799975591809	0	NA	-0.341698679223365	-0.0883745237650613	0.164949631693243	0	NA	-0.510254268959424	-0.256764843580506	-0.00327541820158789	2	NA	1.67997420807942	2.08637646938223	2.49277873068504
"94"	1	34	"glmm"	0	-0.010700933035696	0.16865010142398	0.348001135883656	0	NA	-0.349780225036675	-0.0965092919785546	0.156761641079566	0	NA	-0.389807504423694	-0.136597942741477	0.116611618940739	2	NA	1.73764266491579	2.15755894102152	2.57747521712724
"95"	1	35	"glmm"	0	-0.305797018425245	-0.120658913199645	0.0644791920259547	0	NA	-0.165056651017063	0.0965535645751933	0.35816378016745	0	NA	-0.205301428497967	0.0563584282844154	0.318018285066798	2	NA	1.47406335927002	1.89283961589515	2.31161587252027
"96"	1	36	"glmm"	0	-0.206158053608611	-0.0161068977924514	0.173944258023708	0	NA	-0.115814104632553	0.153255990767919	0.422326086168391	0	NA	-0.212427596132637	0.0563920277181388	0.325211651568914	2	NA	1.39439283870053	1.82823580315972	2.2620787676189
"97"	1	37	"glmm"	0	-0.249768304247635	-0.0721016172595564	0.105565069728522	0	NA	-0.163060564332805	0.0881216416059099	0.339303847544625	0	NA	-0.219147307582584	0.0320531417676786	0.283253591117941	2	NA	1.50038289758287	1.90850270347602	2.31662250936917
"98"	1	38	"glmm"	0	-0.103387046682462	0.0720311282088825	0.247449303100227	0	NA	-0.160085613971948	0.0883115218662975	0.336708657704543	0	NA	-0.320029505046764	-0.0720311282088826	0.175967248628999	2	NA	1.570236390381	1.98216134983007	2.39408630927913
"99"	1	39	"glmm"	0	-0.13533426245636	0.0400053346136991	0.215344931683759	0	NA	-0.215997457219818	0.0320257935951836	0.280049044410185	0	NA	-0.287948152848014	-0.0400053346136987	0.207937483620616	2	NA	1.58997642251769	1.99884107793452	2.40770573335135
"100"	1	40	"glmm"	0	-0.223364193000013	-0.0480092191863605	0.127345754627292	0	NA	-0.151970929625886	0.096018438372721	0.344007806371328	0	NA	-0.328374403344784	-0.0801659742376372	0.16804245486951	2	NA	1.61824760319595	2.02458691973952	2.4309262362831
"101"	1	41	"glmm"	0	-0.0874176081043638	0.0880568553911822	0.263531318886728	0	NA	-0.408206585920718	-0.160087983600064	0.0880306187205892	0	NA	-0.296114533181293	-0.0480515207774832	0.200011491626326	2	NA	1.63741897804905	2.03884180897524	2.44026463990143
"102"	1	42	"glmm"	0	-0.0395010177111962	0.136210204834549	0.311921427380294	0	NA	-0.41643456148297	-0.168212935920723	0.0800086896415246	0	NA	-0.296479171706214	-0.0481533494433658	0.200172472819482	2	NA	1.64865144718186	2.05378162943139	2.45891181168093
"103"	1	43	"glmm"	0	-0.231387945324777	-0.0560146415546713	0.119358662215434	0	NA	-0.23999699476355	0.00800542236831098	0.256007839500172	0	NA	-0.312320158724266	-0.0641296702873921	0.184060818149482	2	NA	1.82796560109496	2.2444055705344	2.66084553997383
"104"	1	44	"glmm"	0	-0.0802323544414936	0.113036513481832	0.306305381405157	0	NA	-0.410396129854969	-0.137228180433101	0.135939768988767	0	NA	-0.466979942757496	-0.193727078669639	0.079525785418218	2	NA	1.76683416297594	2.20390181600778	2.64096946903962
"105"	1	45	"glmm"	0	-0.119358636773622	0.0560146415546713	0.231387919882965	0	NA	-0.319985605673842	-0.0720149829011128	0.175955639871616	0	NA	-0.327991380508057	-0.0800157936542141	0.167959793199629	2	NA	1.79265015107945	2.20735104045628	2.62205192983311
"106"	1	46	"glmm"	0	-0.215344884175179	-0.0400053346136987	0.135334214947782	0	NA	-0.247967557654643	-5.26958772039949e-16	0.247967557654641	0	NA	-0.247967568063937	-7.20552864442447e-16	0.247967568063935	2	NA	1.73663183082008	2.15134024006942	2.56604864931877
"107"	1	47	"glmm"	0	-0.207329664804979	-0.0320027310861739	0.143324202632631	0	NA	-0.215931117884731	0.0320027310861738	0.279936580057079	0	NA	-0.199934774120591	0.0480030724326151	0.295940918985821	2	NA	1.66799559614145	2.08426360851772	2.50053162089399
"108"	1	48	"glmm"	0	-0.151315976382031	0.0240011520995433	0.199318280581118	0	NA	-0.199977373089313	0.0480299761093394	0.296037325307992	0	NA	-0.263929015813363	-0.0160011094324668	0.23192679694843	2	NA	1.62153199221362	2.03471107815608	2.44789016409854
"109"	1	49	"glmm"	0	-0.19131045639348	-0.0160003413464414	0.159309773700597	0	NA	-0.151978228926736	0.0960430490199784	0.344064326966693	0	NA	-0.344233822588738	-0.0961169567742645	0.151999909040209	2	NA	1.4362003329057	1.83136421573897	2.22652809857223
"110"	1	50	"glmm"	0	-0.143324235413165	0.0320027310861734	0.207329697585512	0	NA	-0.199993233684414	0.0480399765873632	0.29607318685914	0	NA	-0.360078639083632	-0.11204543875971	0.135987761564212	2	NA	1.76752079462505	2.18555224491952	2.60358369521398
"111"	1	51	"glmm"	0	-0.183305977877394	-0.00800004266707656	0.167305892543241	0	NA	-0.151982355248808	0.0960568980582587	0.344096151365325	0	NA	-0.167968313245386	0.0800311708759592	0.328030654997304	2	NA	1.69210502841645	2.12136777528454	2.55063052215262
"112"	1	52	"glmm"	0	-0.303839836639969	-0.128175193423998	0.0474894497919728	0	NA	-0.216214385723136	0.0321013633343756	0.280417112391887	0	NA	-0.0640315476863224	0.18418983497867	0.432411217643662	2	NA	1.72898800552334	2.15436516403398	2.57974232254462
"113"	1	53	"glmm"	0	-0.278884149392237	-0.0808412249849853	0.117201699422267	0	NA	-0.158776707855262	0.121284969575567	0.401346647006396	0	NA	-0.272277951242205	0.00787022867039073	0.288018408582986	2	NA	1.51291960880244	1.95956625817887	2.4062129075553
"114"	1	54	"glmm"	0	-0.263531336324431	-0.0880568553911826	0.0874176255420656	0	NA	-0.240123382530427	0.0080141477176455	0.256151677965718	0	NA	-0.0960230347310694	0.152078714156113	0.400180463043296	2	NA	1.56811564908638	1.97848249572796	2.38884934236955
"115"	1	55	"glmm"	0	-0.215344937705978	-0.0400053346136993	0.135334268478579	0	NA	-0.27202290221543	-0.0240165241512314	0.223989853912968	0	NA	-0.047993706152288	0.200347984688879	0.448689675530046	2	NA	1.46743500398758	1.87518130561665	2.28292760724572
"116"	1	56	"glmm"	0	-0.23122831556962	-0.0481703178378789	0.134887679893862	0	NA	-0.194633618155268	0.064223543876539	0.323080705908346	0	NA	-0.331454743510559	-0.0723875887798927	0.186679565950773	2	NA	1.72528130667541	2.15258563906905	2.57988997146269
"117"	1	57	"glmm"	0	-0.243672346059552	-0.0641426981859804	0.115386949687591	0	NA	-0.213739251677478	0.0400964895871958	0.29393223085187	0	NA	-0.157642980586935	0.0962070301565031	0.350057040899941	2	NA	1.65879448997278	2.08428770935763	2.50978092874248
"118"	1	58	"glmm"	0	-0.275815959890261	-0.088512105853017	0.0987917481842274	0	NA	-0.111967459032034	0.152874986431197	0.417717431894429	0	NA	-0.176300892195125	0.0885010463275406	0.353302984850207	2	NA	1.43821307096522	1.86696895596646	2.2957248409677
"119"	1	59	"glmm"	0	-0.263531361810312	-0.0880568553911823	0.0874176510279474	0	NA	-0.224066806767178	0.0240349966262516	0.272136800019681	0	NA	-0.104015393826841	0.144071496945854	0.392158387718548	2	NA	1.42060838287918	1.82090912301196	2.22120986314474
"120"	1	60	"glmm"	0	-0.311921382935999	-0.13621020483455	0.0395009732668999	0	NA	-0.136005557928288	0.112209052735007	0.360423663398302	0	NA	0.0719984031396597	0.320731982538107	0.569465561936554	2	NA	1.20356012699694	1.60422793075269	2.00489573450844
"121"	1	1	"bglmm"	0	-0.348359648919688	-0.158498091886013	0.0401889967154627	0	NA	-0.157185436659077	0.130079925172193	0.400242784065284	0	NA	0.0648484649278758	0.343934680020062	0.612874876371221	2	NA	1.1812194461062	1.62595185458693	2.08735969330424
"122"	1	2	"bglmm"	0	-0.351151458994169	-0.142520096057767	0.0486110172170122	0	NA	-0.115581573773885	0.168212044119148	0.452751794123421	0	NA	-0.127305992981941	0.12490807073358	0.409361286353694	2	NA	1.51639844458139	1.95843272521257	2.38637451648349
"123"	1	3	"bglmm"	0	-0.277834699702164	-0.0758977347557654	0.121417823145435	0	NA	-0.32628476445666	-0.0522374516337579	0.220135234150441	0	NA	-0.0424110927504943	0.232848446598983	0.517086498658772	2	NA	1.54752359701926	1.9819747382	2.43625075323183
"124"	1	4	"bglmm"	0	-0.265307046017808	-0.0560664922244107	0.159623082314208	0	NA	-0.209805374202993	0.0767785196075931	0.365139819224348	0	NA	-0.173770235170354	0.136790325543647	0.428066922802971	2	NA	1.32176745424473	1.78828465432009	2.24867664875945
"125"	1	5	"bglmm"	0	-0.139468577592391	0.0417645578413117	0.232049076792595	0	NA	-0.255077314759006	0.0134223236752718	0.276941941118051	0	NA	-0.344912678627094	-0.0798208081868041	0.171037206385337	2	NA	1.49257898495697	1.89976725936574	2.33741289362726
"126"	1	6	"bglmm"	0	-0.369378217491404	-0.178331213529769	0.0218812838139419	0	NA	-0.165517622720654	0.111608342801594	0.377961054070635	0	NA	-0.0791544785908362	0.208606993765147	0.477043042597527	2	NA	1.37136995415783	1.80514292311927	2.25552771410331
"127"	1	7	"bglmm"	0	-0.0985595777329421	0.0813271392017108	0.267129654272129	0	NA	-0.358893555738601	-0.0887753031765974	0.166295513522295	0	NA	-0.465163201071906	-0.204783472849585	0.0551059284234387	2	NA	1.98287448367463	2.40311653568949	2.8356347343306
"128"	1	8	"bglmm"	0	-0.186756125404076	-0.00120847589168774	0.186293658701878	0	NA	-0.198059739840756	0.0666536368412798	0.332308363107461	0	NA	-0.156030619817348	0.0985879616603629	0.369292125860907	2	NA	1.29909467037293	1.72772460317632	2.15076392597014
"129"	1	9	"bglmm"	0	-0.235348288397552	-0.0432552278351134	0.142904242408853	0	NA	-0.108692349776033	0.169943186859776	0.443014063205217	0	NA	-0.313852412926286	-0.0247910138516128	0.254128799769529	2	NA	1.32325739584922	1.77068097880648	2.21661598005775
"130"	1	10	"bglmm"	0	-0.166570957899228	0.0185942326009289	0.206540153560929	0	NA	-0.232081530953704	0.0327165304567703	0.293760532201877	0	NA	-0.480931924105761	-0.208395373413751	0.049362291574287	2	NA	1.78466823689067	2.20676550659201	2.64290840685521
"131"	1	11	"bglmm"	0	-0.289278426734612	-0.0930822678463701	0.103126991676982	0	NA	-0.237676616647824	0.039431241147192	0.312108544568598	0	NA	-0.369014773884535	-0.090887498949904	0.189846758521297	2	NA	1.88956144540663	2.33616951039645	2.79728892461273
"132"	1	12	"bglmm"	0	-0.249266754170929	-0.0448310512297882	0.134295715909792	0	NA	-0.230662950317902	0.0260801400854597	0.310341411228961	0	NA	-0.30364826032004	-0.0391246835391233	0.2473100731809	2	NA	1.81271047786029	2.25185296273064	2.69310782887788
"133"	1	13	"bglmm"	0	0.0322638136106496	0.225241409173916	0.425220188396154	0	NA	-0.520251195299914	-0.246238648262456	0.0291423962448795	0	NA	-0.486728818235066	-0.205611341915082	0.0693350731695499	2	NA	1.61286260122846	2.04160164034836	2.48804440819999
"134"	1	14	"bglmm"	0	-0.267210919606219	-0.0736087143428436	0.118204035855597	0	NA	-0.31577442217731	-0.0419123430085711	0.245313241680877	0	NA	-0.215319184615398	0.0508113717249733	0.321479404612433	2	NA	1.83021153840134	2.27590492680481	2.74638587257344
"135"	1	15	"bglmm"	0	-0.196753449174034	-0.00896009063937601	0.173981074228608	0	NA	-0.290868206112638	-0.0307439522847334	0.242495088853971	0	NA	-0.181045112772042	0.0851589476305764	0.348877726326213	2	NA	1.54646806693865	1.98083448564374	2.41280082595732
"136"	1	16	"bglmm"	0	-0.213639081083408	-0.016377399956319	0.177552568567002	0	NA	-0.242998751055509	0.0311866943304422	0.305172657593302	0	NA	-0.196108816931093	0.0697965046254116	0.330651527171641	2	NA	1.34492700297532	1.76007215997934	2.19222377190593
"137"	1	17	"bglmm"	0	-0.118439245403124	0.0707607508140732	0.260061769842283	0	NA	-0.38855946479409	-0.105792270011917	0.152718048527913	0	NA	-0.260435909779393	0.00621153744844258	0.273055765833047	2	NA	1.53211275690934	1.93635718781745	2.37272999177389
"138"	1	18	"bglmm"	0	-0.36473952027419	-0.180253346221345	0.0154778746205324	0	NA	-0.0166158619924414	0.256770919101965	0.515233328808986	0	NA	-0.0456707557534552	0.21766803436312	0.478309973917606	2	NA	1.24690263184341	1.66983204219959	2.0820595948344
"139"	1	19	"bglmm"	0	-0.288129714798162	-0.11467792859567	0.0744985287467181	0	NA	0.0148897422463369	0.271745869028699	0.536494118716974	0	NA	-0.113976729468926	0.146070557758107	0.407338160846867	2	NA	1.18701980540853	1.61063642835883	2.03113401403972
"140"	1	20	"bglmm"	0	-0.152870424382947	0.0269792460783967	0.234094850255821	0	NA	-0.296412022535785	-0.0160097552273948	0.233601628862059	0	NA	-0.352946392140131	-0.0844039607320322	0.177302177400177	2	NA	1.63632895146072	2.05992305811432	2.49117394390964
"141"	1	21	"bglmm"	0	-0.389029339067004	-0.192454346648537	0.0122496284191598	0	NA	-0.106384385679911	0.183141922167331	0.460147108782236	0	NA	-0.0687797185895472	0.224310634741829	0.495746771240607	2	NA	1.46670958775373	1.91436681557099	2.41172484625755
"142"	1	22	"bglmm"	0	-0.216209698504658	-0.022239926304147	0.171449653049061	0	NA	-0.129730643116702	0.152162356222491	0.422165337275664	0	NA	-0.306193591471644	-0.0281592297857814	0.251318979508892	2	NA	1.43471736497277	1.88883002189535	2.35166113031776
"143"	1	23	"bglmm"	0	-0.0795863340019094	0.120315789923573	0.326035456769248	0	NA	-0.354179985748518	-0.0704604922562955	0.211064774727393	0	NA	-0.343493527924631	-0.0664852568014139	0.209641689039342	2	NA	1.4617881263392	1.87519968660461	2.31453538122206
"144"	1	24	"bglmm"	0	-0.0846147932636	0.0970470140501445	0.283067178012654	0	NA	-0.289041196415433	-0.0315832576894896	0.243381614352796	0	NA	-0.285208302974418	-0.0221727451812746	0.241948346258867	2	NA	1.53654784686085	1.96651414526613	2.38183781051826
"145"	1	25	"bglmm"	0	-0.108472416717839	0.0857878655223595	0.275784279152886	0	NA	-0.530993902007839	-0.262666988297785	0.011648492044085	0	NA	-0.238239736038739	0.0334460832448696	0.296487519568484	2	NA	1.91998871442413	2.35543652039371	2.80909913299996
"146"	1	26	"bglmm"	0	-0.0934104141428553	0.0937366012462609	0.283958903580505	0	NA	-0.362522495297302	-0.10497733577715	0.148499222143802	0	NA	-0.25663158995413	0.00927088141739847	0.27233641442605	2	NA	1.48030292492427	1.89572498255992	2.31374322204746
"147"	1	27	"bglmm"	0	-0.107164730924416	0.0974793077887103	0.299659258827568	0	NA	-0.380335726411634	-0.118964746619953	0.178392052913373	0	NA	-0.25892627169152	0.0349104851520922	0.320074253089985	2	NA	1.47087578067745	1.93471155919158	2.35540886185279
"148"	1	28	"bglmm"	0	-0.0148586869213118	0.16791071851486	0.357664294408009	0	NA	-0.403295461510302	-0.144730641019307	0.121978352570653	0	NA	-0.337492111056796	-0.079866038094346	0.186605879860866	2	NA	1.7752542743955	2.2158588289069	2.65338205078631
"149"	1	29	"bglmm"	0	-0.165366985402021	0.0190908342438217	0.210076991695778	0	NA	-0.259693545250628	-0.00289253998219196	0.258957211637738	0	NA	-0.239475169730279	0.0296138085417913	0.295033437649271	2	NA	1.54420193572118	1.96711183468363	2.40944031797092
"150"	1	30	"bglmm"	0	-0.131082316021084	0.059883838742424	0.245596573770139	0	NA	-0.328333849936133	-0.0611953803900363	0.201610861242597	0	NA	-0.289596262685198	-0.0309728289069804	0.235234382950459	2	NA	1.57963733148246	2.00288017078351	2.41997344778452
"151"	1	31	"bglmm"	0	-0.115561760036319	0.0733853158411562	0.257360825771403	0	NA	-0.264497726685811	0.00261874314863627	0.272868386143878	0	NA	-0.285570793504565	-0.026705697924886	0.246047738185794	2	NA	1.42562073832442	1.85104752198067	2.27239095069286
"152"	1	32	"bglmm"	0	-0.280819982075489	-0.0728838712225179	0.121090524049537	0	NA	-0.151593645192864	0.123503156817689	0.403273914598088	0	NA	-0.0918333091003754	0.182524689320106	0.492191340095945	2	NA	1.25241811493679	1.71219761298256	2.16093851221733
"153"	1	33	"bglmm"	0	-0.0416077524834244	0.145443539516155	0.335913504207883	0	NA	-0.356042228214943	-0.0864843178936168	0.178019054391439	0	NA	-0.532366149001668	-0.257224919441024	0.00909678548622869	2	NA	1.68461322288457	2.0940714452541	2.52571840376233
"154"	1	34	"bglmm"	0	-0.0244285211890885	0.17308068081095	0.361958071915453	0	NA	-0.369622588876864	-0.0979210269888101	0.175379564239721	0	NA	-0.40751600640456	-0.142144985280448	0.12989151617701	2	NA	1.73291660028301	2.17463698399701	2.61234370695756
"155"	1	35	"bglmm"	0	-0.333785868428077	-0.122271575066858	0.0782066074234321	0	NA	-0.192172573947605	0.0932851637978228	0.395735064203256	0	NA	-0.217661243235032	0.0583252167848721	0.33343231919564	2	NA	1.480940396501	1.90442815239922	2.36170557734452
"156"	1	36	"bglmm"	0	-0.222719580066935	-0.0172693011263649	0.190445833201848	0	NA	-0.120378653970407	0.157870953540948	0.445014296538925	0	NA	-0.220759164954967	0.0565560882315845	0.33404989632435	2	NA	1.39361966355638	1.83459692845162	2.28234021749025
"157"	1	37	"bglmm"	0	-0.269886603198215	-0.0696423635239083	0.121332903312238	0	NA	-0.175474238123933	0.0849435549236165	0.356095972293198	0	NA	-0.2511983628396	0.0265343485199119	0.305689286890103	2	NA	1.50718332280321	1.92534412263943	2.36888990582606
"158"	1	38	"bglmm"	0	-0.11299921205746	0.0795506481787416	0.255984143099153	0	NA	-0.169466576603445	0.0808949670837803	0.367221360327134	0	NA	-0.32928056608549	-0.0795596021460298	0.185591700243853	2	NA	1.56032630776231	2.00377674140684	2.42786404629669
"159"	1	39	"bglmm"	0	-0.153892250080361	0.0418416781773521	0.232690573247543	0	NA	-0.235888302541304	0.0279094918043299	0.300564518753106	0	NA	-0.298243230194422	-0.0407498537219957	0.236173970304358	2	NA	1.58552302943868	2.01480334230607	2.44289359421666
"160"	1	40	"bglmm"	0	-0.234169091193394	-0.0429543665814625	0.146345197877051	0	NA	-0.170259927194087	0.0904901738315844	0.353865897848392	0	NA	-0.353949585058069	-0.0852796574671204	0.192154667891757	2	NA	1.6173785998549	2.0498525354727	2.4941971523702
"161"	1	41	"bglmm"	0	-0.0909372186612421	0.0963101062789445	0.280377917138363	0	NA	-0.441840174127329	-0.166643108175577	0.0908894709929524	0	NA	-0.325133080106731	-0.0559988047591249	0.208564149445835	2	NA	1.64881714318345	2.0643214444516	2.49453622541615
"162"	1	42	"bglmm"	0	-0.0496626947062741	0.135855079277481	0.319823451780308	0	NA	-0.427498570921119	-0.16147636640001	0.0946303446048897	0	NA	-0.305039395080366	-0.0488885295350054	0.214238489492722	2	NA	1.63934472174909	2.05809499828283	2.49264563896801
"163"	1	43	"bglmm"	0	-0.248709252889172	-0.0517104246782571	0.129111763984886	0	NA	-0.262676169727865	0.00212483136933182	0.272612691854689	0	NA	-0.329587124567576	-0.0667380536967793	0.191352185416924	2	NA	1.84007409523111	2.25670533942764	2.70144598634151
"164"	1	44	"bglmm"	0	-0.078312194282777	0.118521380776461	0.309882023200287	0	NA	-0.414112628602396	-0.140885750841169	0.148525742680308	0	NA	-0.475978182067536	-0.201266827404448	0.0761032092918428	2	NA	1.7686627240852	2.22115639636413	2.67154489943538
"165"	1	45	"bglmm"	0	-0.130270296531377	0.0621132481125278	0.243932390087442	0	NA	-0.334523699721647	-0.0829196279176521	0.187066415237069	0	NA	-0.352246159783546	-0.0842270225366956	0.177571911706941	2	NA	1.80719638979484	2.22951942431777	2.67494658616725
"166"	1	46	"bglmm"	0	-0.23373400784337	-0.0380421886831327	0.155937263024407	0	NA	-0.278484572590075	0.00520837874045358	0.276145347149224	0	NA	-0.279660981155147	-0.0010460597019426	0.271004826159998	2	NA	1.73532729612147	2.16083153101438	2.63081751656324
"167"	1	47	"bglmm"	0	-0.236855483288141	-0.0385358161000922	0.142144558128516	0	NA	-0.221691982401246	0.0430524649478428	0.30891522630575	0	NA	-0.20244385507298	0.0566705386047435	0.327845806742205	2	NA	1.66478878598116	2.08806627419102	2.5052634761861
"168"	1	48	"bglmm"	0	-0.171468158265753	0.0202092120316939	0.227463363106514	0	NA	-0.235042161882444	0.0497567207150846	0.325212198405644	0	NA	-0.298955181614264	-0.0130721413561867	0.261130879437746	2	NA	1.60733447309257	2.05248887138277	2.49981817660224
"169"	1	49	"bglmm"	0	-0.210040426474365	-0.0195134773009417	0.165421279381599	0	NA	-0.15843739497935	0.102444967173769	0.362472367550171	0	NA	-0.357709253303542	-0.0894173789682603	0.169189245710501	2	NA	1.4302855247705	1.82994527124813	2.24839587209796
"170"	1	50	"bglmm"	0	-0.13829867048276	0.03941104225667	0.220606440786991	0	NA	-0.211500958084045	0.0388712035380605	0.288046287698257	0	NA	-0.377155946402033	-0.12522550740345	0.123804999821227	2	NA	1.8131013380312	2.21765270382752	2.63942063865515
"171"	1	51	"bglmm"	0	-0.183961007021853	-0.00419833357824435	0.17190294445356	0	NA	-0.165523868048464	0.0931029672762174	0.350669398492654	0	NA	-0.177416815070487	0.0739859355734332	0.333574582627323	2	NA	1.7034786444188	2.14039510500095	2.57669705182937
"172"	1	52	"bglmm"	0	-0.311629809276171	-0.127010862183581	0.0499810059647849	0	NA	-0.22156767634671	0.0332949113546579	0.28804686097707	0	NA	-0.071115630702824	0.186377148499286	0.458170310421273	2	NA	1.74142697628655	2.16465387629449	2.59730704240113
"173"	1	53	"bglmm"	0	-0.276131953262934	-0.0803461110523318	0.114241604569249	0	NA	-0.155610877457163	0.119586867966995	0.411032922926915	0	NA	-0.269846688865167	0.00490071692886565	0.286176152260302	2	NA	1.53207763878978	1.96872252739525	2.42536279263043
"174"	1	54	"bglmm"	0	-0.287900589816159	-0.100669850338702	0.0801644938095916	0	NA	-0.231619449548743	0.0216093708010616	0.290628714812551	0	NA	-0.0864175685443751	0.170395893974512	0.430655667774231	2	NA	1.55939635358108	1.97094590547176	2.38887566340868
"175"	1	55	"bglmm"	0	-0.215222030672912	-0.034684684541004	0.14660987143969	0	NA	-0.285650035246586	-0.0357772801592654	0.2342069133267	0	NA	-0.0611815573566159	0.194819983027275	0.452513665994635	2	NA	1.47493238979611	1.90628381417496	2.32590580882945
"176"	1	56	"bglmm"	0	-0.246030018674037	-0.0547195631324822	0.12800127383327	0	NA	-0.191451038216217	0.0694102505511019	0.356565567183486	0	NA	-0.336986167981931	-0.0653504069880055	0.20509037644117	2	NA	1.70439914023545	2.16384173396134	2.62042930613724
"177"	1	57	"bglmm"	0	-0.263777711114508	-0.06888248296765	0.108230877228262	0	NA	-0.211341391558532	0.0443273261284536	0.31941076146994	0	NA	-0.15208090305675	0.103190436464665	0.374533899470277	2	NA	1.64869552844927	2.08930746900741	2.53327212017386
"178"	1	58	"bglmm"	0	-0.282846597525542	-0.0854456973700578	0.0979512889514673	0	NA	-0.132527638500491	0.147214532338168	0.421049600005471	0	NA	-0.186458319955311	0.0862830035968596	0.371138524027935	2	NA	1.44479915628878	1.88267168173223	2.33638530186711
"179"	1	59	"bglmm"	0	-0.285111541546556	-0.0866978503634587	0.0986121826684154	0	NA	-0.249811560639356	0.023443745317027	0.286721189550045	0	NA	-0.122644373224654	0.142401359928622	0.411249573665694	2	NA	1.42068128011667	1.83414938081478	2.25289653616888
"180"	1	60	"bglmm"	0	-0.323539217345008	-0.139729855553279	0.0461158853716504	0	NA	-0.140758881185222	0.116775034098092	0.374109141237055	0	NA	0.0675284658891042	0.329576283174219	0.588718669957149	2	NA	1.19804885454571	1.60413074280494	2.0285689447697
"181"	1	1	"pp"	0	-0.339075736500027	-0.15917550250733	0.0291197812769504	0	NA	-0.152646821225303	0.12650270195818	0.390312244537119	0	NA	0.0732588664185493	0.346635651393996	0.600149020791695	2	NA	1.20823159649973	1.62199519880261	2.0542244496799
"182"	1	2	"pp"	0	-0.366935997928297	-0.178853910274734	0.0135503420444797	0	NA	-0.000135073824010566	0.232487563558561	0.492691309863381	0	NA	-0.0491751269237429	0.193840202135934	0.440485809758855	2	NA	1.474473877177	1.78500383774686	2.08705897414943
"183"	1	3	"pp"	0	-0.280001203634563	-0.0946565441808433	0.0798397467807197	0	NA	-0.232729103855105	-0.00423378517334009	0.226266423616182	0	NA	0.0469388897524186	0.277497303517863	0.513856751203399	2	NA	1.59927024960096	1.85488901425636	2.10866460567802
"184"	1	4	"pp"	0	-0.238555595035289	-0.0479612432013139	0.146475986864152	0	NA	-0.188533170959348	0.0639121385112511	0.287369318256066	0	NA	-0.12041305582752	0.1148507879759	0.363947932038384	2	NA	1.61594029191754	1.8341560171088	2.0551712581099
"185"	1	5	"pp"	0	-0.135151774563478	0.0279729116574035	0.195296354025912	0	NA	-0.184367592559264	0.0375922016458604	0.252801248804166	0	NA	-0.276108439258599	-0.0568761097823855	0.159996874354752	2	NA	1.65537837545674	1.84571791155829	2.04124913842998
"186"	1	6	"pp"	0	-0.350615642325479	-0.163185736145121	0.00863607383097487	0	NA	-0.132390729055756	0.0943358637696297	0.323330233768814	0	NA	-0.0361437926866276	0.188109204562767	0.418500897046947	2	NA	1.66626642596409	1.84154552545483	2.01712903800642
"187"	1	7	"pp"	0	-0.19181766802342	-0.0137566030522261	0.164122657078977	0	NA	-0.123089677105758	0.0970646491489759	0.317451505054589	0	NA	-0.235150104023132	-0.0163313770859561	0.203545280186175	2	NA	1.75206945742962	1.91618274193455	2.07693083288224
"188"	1	8	"pp"	0	-0.142939348217731	0.0243936842359478	0.195066589161256	0	NA	-0.21193911456931	0.00369068078654709	0.215683555770748	0	NA	-0.172020947366756	0.0408330440844114	0.254391994202174	2	NA	1.73518345323685	1.89198384716184	2.04922910771735
"189"	1	9	"pp"	0	-0.182771673041606	-0.0187183762865788	0.157416177097751	0	NA	-0.0905420505447686	0.124797112551561	0.342598561819333	0	NA	-0.302023110481817	-0.0681581532894213	0.146400120664285	2	NA	1.73148235956685	1.87589668900576	2.02617415239386
"190"	1	10	"pp"	0	-0.21059945447659	-0.0390981816489807	0.135999971935091	0	NA	-0.0782995601567334	0.144941998240431	0.357516090661086	0	NA	-0.304031013908769	-0.095580037506934	0.131411169060779	2	NA	1.77313223266317	1.912861515617	2.0519781587147
"191"	1	11	"pp"	0	-0.348063021687713	-0.173002760911313	-0.000781816828904674	0	NA	-0.0266911431598468	0.190627947872627	0.409546099770491	0	NA	-0.165568666573602	0.0567398874675255	0.286332728644831	2	NA	1.81739080830937	1.94915218417321	2.08022361028388
"192"	1	12	"pp"	0	-0.263092193832443	-0.0915495169269319	0.0779744738551579	0	NA	-0.0865334329924301	0.128901035337291	0.348957688734347	0	NA	-0.148598577307306	0.063282562522768	0.284560829606649	2	NA	1.84737203368882	1.97436401288628	2.10051829634125
"193"	1	13	"pp"	0	0.0330578250059278	0.209023764075386	0.375539204288045	0	NA	-0.431230497497822	-0.216822561683959	0.0128885557952537	0	NA	-0.396413441741086	-0.174054892569656	0.0392785736703473	2	NA	1.85823075107063	1.97701852790915	2.09587124348582
"194"	1	14	"pp"	0	-0.298478066679166	-0.122842694100597	0.0514948161119193	0	NA	-0.141726221300906	0.0626072882827624	0.286276411793473	0	NA	-0.0667597902468568	0.154044124044369	0.374167133916368	2	NA	1.88402621111618	1.99896256332694	2.1136101139234
"195"	1	15	"pp"	0	-0.17377114992457	-0.00441623298817158	0.171786222236384	0	NA	-0.253253099498642	-0.0373232413909302	0.181381706779133	0	NA	-0.137556092599739	0.0726106229981273	0.291146456748111	2	NA	1.88187414872973	1.9966671491416	2.11209015391371
"196"	1	16	"pp"	0	-0.162891624339798	0.0164216527698701	0.194126431701611	0	NA	-0.264412871966774	-0.047132158539393	0.166136839025229	0	NA	-0.220819776538178	-0.00758128617221705	0.208599138586081	2	NA	1.86905843891832	1.97814729104022	2.08960459611154
"197"	1	17	"pp"	0	-0.0963598856617342	0.0717529572320464	0.239009168696614	0	NA	-0.325305444090304	-0.11177169899933	0.10026503391869	0	NA	-0.211375609442863	-0.0014966943821181	0.209046308148746	2	NA	1.86260152002406	1.97501398490909	2.08471808230675
"198"	1	18	"pp"	0	-0.287605621542138	-0.122189680033214	0.0420341598339149	0	NA	-0.0676755698133078	0.136708770978215	0.349607052244954	0	NA	-0.114438693451287	0.0983180418822371	0.320329619765708	2	NA	1.85016720162487	1.95691237669042	2.06355949881803
"199"	1	19	"pp"	0	-0.218971984303143	-0.0482626612612144	0.1173645101449	0	NA	-0.0560788967062997	0.144039266645343	0.369209762385384	0	NA	-0.189733384591749	0.0191791709870936	0.230882971661091	2	NA	1.83501230794446	1.93446552325245	2.04242641061638
"200"	1	20	"pp"	0	-0.162956657461486	0.00346929975978688	0.168912507776649	0	NA	-0.169943516519496	0.0348319622113223	0.244408554290623	0	NA	-0.243744553242198	-0.0382278096200979	0.173116042420479	2	NA	1.83866743782375	1.93931440607439	2.04213474352201
"201"	1	21	"pp"	0	-0.359142872818982	-0.177703092274451	-0.00942659285483514	0	NA	-0.0372226994013213	0.166354916058048	0.384810096155625	0	NA	-0.0125691381242247	0.20891920617165	0.436044964309041	2	NA	1.83782016543894	1.93895414810368	2.0369507053159
"202"	1	22	"pp"	0	-0.175003664394703	-0.00774503063267951	0.167837499315629	0	NA	-0.105557151257486	0.120210527573159	0.332945780976664	0	NA	-0.2737935058725	-0.0462193930497091	0.168428964027046	2	NA	1.84068675689874	1.93767542532368	2.0357230616019
"203"	1	23	"pp"	0	-0.045008087860702	0.13123727776555	0.313120913808413	0	NA	-0.313227222004958	-0.0947669636807383	0.126306515339553	0	NA	-0.302930994592053	-0.0924818163458077	0.132485806225013	2	NA	1.8391765233967	1.9337484919028	2.02970745205633
"204"	1	24	"pp"	0	-0.0726604081502161	0.091304074024943	0.262690967571584	0	NA	-0.23854472962065	-0.023526285234169	0.185261120663764	0	NA	-0.221185420649073	-0.00667857581482509	0.201209976488172	2	NA	1.84159418449509	1.93391823296836	2.03014712112151
"205"	1	25	"pp"	0	-0.148023389242364	0.0170809492706788	0.182521218759026	0	NA	-0.336280360215049	-0.121706351625988	0.090650115750215	0	NA	-0.0378095575790024	0.177549209704464	0.394486876499049	2	NA	1.86114771747753	1.95444396525293	2.04700231306436
"206"	1	26	"pp"	0	-0.0580455855165734	0.111611874409267	0.29011709482206	0	NA	-0.341473587759709	-0.132367445137052	0.0825154263336612	0	NA	-0.240699415893478	-0.0179248650333313	0.197068593955894	2	NA	1.86217524964213	1.95394348721264	2.04362174836264
"207"	1	27	"pp"	0	-0.0723865890793953	0.105375830638427	0.282667525509851	0	NA	-0.33591884587086	-0.124652234183973	0.0948922992969215	0	NA	-0.196142506042978	0.0205068733652832	0.243130397385734	2	NA	1.85982912853615	1.95297853107876	2.04073870943082
"208"	1	28	"pp"	0	-0.0432579081817333	0.126759148252289	0.295992597534026	0	NA	-0.267424332647373	-0.0542082860986131	0.163449539678255	0	NA	-0.200799053727765	0.0113288008355352	0.218515528140479	2	NA	1.87727174576809	1.96557509699079	2.05439499293838
"209"	1	29	"pp"	0	-0.145079895149513	0.0151929240290239	0.195713593966468	0	NA	-0.214097700438927	0.000784362416600244	0.211002332456255	0	NA	-0.189247782789721	0.0281456072463605	0.240889817938465	2	NA	1.87995455950517	1.96433231843056	2.05222798812255
"210"	1	30	"pp"	0	-0.114902293602002	0.0553777450703166	0.227470846674861	0	NA	-0.261317559256843	-0.0449878411626629	0.163889605773803	0	NA	-0.245480024285097	-0.0276609984424014	0.194719857825996	2	NA	1.88045285674679	1.96622521646274	2.05092753427344
"211"	1	31	"pp"	0	-0.0826840498171837	0.089372008981485	0.259570838545584	0	NA	-0.252326851732511	-0.0435788467490995	0.173544239936969	0	NA	-0.277607793411834	-0.0630839160705461	0.156037155651118	2	NA	1.87783937986406	1.96055959741558	2.04229233023945
"212"	1	32	"pp"	0	-0.215888537466717	-0.0257930483707666	0.151888482503536	0	NA	-0.20304988929089	0.0233339744723003	0.24265495600819	0	NA	-0.136235567684383	0.0911081569304908	0.317769810740526	2	NA	1.86977791490316	1.95090923189033	2.03431773551164
"213"	1	33	"pp"	0	-0.0496373990602755	0.118747376913291	0.289876608806709	0	NA	-0.233553303426494	-0.0338717370114362	0.175561381853787	0	NA	-0.420176424605284	-0.208158083007301	0.00188401676726614	2	NA	1.87369085143135	1.95666081089725	2.03514075237244
"214"	1	34	"pp"	0	-0.0485041744542951	0.128174752684411	0.310642996337579	0	NA	-0.227999467183107	-0.0155332021246408	0.194071347422411	0	NA	-0.275013033360692	-0.056831148836757	0.155568799506407	2	NA	1.88485607759942	1.96407529977988	2.04538939528704
"215"	1	35	"pp"	0	-0.286607166589042	-0.114917873390598	0.0640482286879535	0	NA	-0.140910711992444	0.0782408513158678	0.289228146219551	0	NA	-0.181830550795852	0.036678780998635	0.254099301319179	2	NA	1.88162879345175	1.96229395112244	2.03969256895948
"216"	1	36	"pp"	0	-0.177024319828465	0.0101701217034129	0.188791953488469	0	NA	-0.12866399149215	0.103397101113176	0.326065528790936	0	NA	-0.208829181846203	0.00917492537212077	0.235832760393538	2	NA	1.87990077251997	1.95742941350869	2.03694817789256
"217"	1	37	"pp"	0	-0.244869375122467	-0.0722142862324109	0.0973934922026386	0	NA	-0.126112765846258	0.080988511995913	0.292586340879469	0	NA	-0.189713599614526	0.0222447158654687	0.233681423805697	2	NA	1.8794952911245	1.95687708853136	2.03201570084681
"218"	1	38	"pp"	0	-0.105626113658173	0.0662089280703999	0.241693376930637	0	NA	-0.112434938283452	0.101887514556193	0.309906895870508	0	NA	-0.273645455576377	-0.058871847223618	0.154401319334107	2	NA	1.88558575467789	1.95845953702604	2.03140064959607
"219"	1	39	"pp"	0	-0.136409968381728	0.0332894004997431	0.210523971340694	0	NA	-0.15564291849578	0.0502884733424952	0.260132219904868	0	NA	-0.245291242025784	-0.023290435275624	0.177138928082976	2	NA	1.88803545038155	1.95912849423958	2.02981614759805
"220"	1	40	"pp"	0	-0.242849133579867	-0.0605958951106169	0.110384548480605	0	NA	-0.0833891533275578	0.125911451012574	0.33824267442202	0	NA	-0.273202478032284	-0.0534568800786084	0.169131538187176	2	NA	1.89124806863106	1.96148253349726	2.03116935507513
"221"	1	41	"pp"	0	-0.10154069606877	0.0716937665890206	0.248000110405066	0	NA	-0.335253759624048	-0.127178577511864	0.0844387151852862	0	NA	-0.226768211353277	-0.0125429300912061	0.205978825224387	2	NA	1.89741039777125	1.96369526054366	2.03539244817349
"222"	1	42	"pp"	0	-0.0479299179192773	0.11824968125095	0.273317081570412	0	NA	-0.337065160422905	-0.134228643481523	0.0689897394850734	0	NA	-0.210879626477442	-0.0057814279522275	0.198631376864671	2	NA	1.89580073877605	1.96673995714676	2.03789331833751
"223"	1	43	"pp"	0	-0.291135068671286	-0.113025993040071	0.0559429201120785	0	NA	-0.0951131657900533	0.116002381815137	0.330031459268656	0	NA	-0.157318287817354	0.0449689750540388	0.259996369788271	2	NA	1.90365231444273	1.97262513467499	2.04172971141781
"224"	1	44	"pp"	0	-0.107926017776169	0.0626790302273817	0.254264819034273	0	NA	-0.252207946135967	-0.0409583746960692	0.165191958857554	0	NA	-0.322182503941149	-0.0975076130101603	0.11800526151762	2	NA	1.91124798197413	1.9790244706427	2.0447593574215
"225"	1	45	"pp"	0	-0.1602042933788	0.018270340294556	0.189147979267553	0	NA	-0.201232488534317	0.0113910949233079	0.235755535051462	0	NA	-0.210823464492457	0.00495370148176809	0.219974107030734	2	NA	1.91873657641137	1.98439814610343	2.05281579666147
"226"	1	46	"pp"	0	-0.24994872867299	-0.0744481692993429	0.100697792838807	0	NA	-0.144241675173953	0.0668057763416146	0.27699108011976	0	NA	-0.145177818101876	0.0651566196279569	0.280899417559931	2	NA	1.92245509789619	1.9880765103223	2.05338866838362
"227"	1	47	"pp"	0	-0.220237364325334	-0.0544409880011466	0.115558667514476	0	NA	-0.135493493131053	0.0708278040071494	0.28756443642033	0	NA	-0.125684197944784	0.0942382685501325	0.301683620191871	2	NA	1.92411133499971	1.99071946064357	2.0563273424961
"228"	1	48	"pp"	0	-0.16641035498146	0.0124301895556266	0.179764076566119	0	NA	-0.13256525468342	0.071228404864351	0.294854972714258	0	NA	-0.195346581210719	0.00530192973370525	0.221318077010529	2	NA	1.92878348952373	1.99150963947022	2.05508515978838
"229"	1	49	"pp"	0	-0.155621060497256	0.00913924249038207	0.183367860016787	0	NA	-0.165873760281877	0.039375948416283	0.240980303370904	0	NA	-0.36243255914418	-0.153444356033955	0.0585373939036684	2	NA	1.92485965966968	1.98870482227675	2.05085692170144
"230"	1	50	"pp"	0	-0.167691317554918	-0.00145127041690706	0.161672109453529	0	NA	-0.0930403207118394	0.121593287743118	0.328769400237928	0	NA	-0.242592769155922	-0.0373224634533937	0.158177986753295	2	NA	1.93094841925537	1.9935687961591	2.05362293498897
"231"	1	51	"pp"	0	-0.202754411025558	-0.0298007619119669	0.138865293317543	0	NA	-0.06692033704029	0.142000368252416	0.35692335440637	0	NA	-0.0874289936104042	0.126457282695684	0.3430476476068	2	NA	1.93599712155759	1.99633874201106	2.05519090340766
"232"	1	52	"pp"	0	-0.325479526838968	-0.15794198472537	0.00927316327443715	0	NA	-0.123907162913988	0.0912019338671883	0.304775399502927	0	NA	0.0297219239573692	0.243558971345336	0.453225562696769	2	NA	1.93953662662226	1.99879727043514	2.0594438053885
"233"	1	53	"pp"	0	-0.258292143413837	-0.0731925544743157	0.106872783407568	0	NA	-0.114340772839968	0.109217476796513	0.338288714655101	0	NA	-0.240946187476977	-0.0090393832397709	0.219565493946362	2	NA	1.93863952412243	1.99719054717836	2.05675196890625
"234"	1	54	"pp"	0	-0.253523108658651	-0.0841283367691411	0.0944593169994308	0	NA	-0.20235923489381	0.00521279466524573	0.207578554347562	0	NA	-0.0656113821468585	0.147388832529469	0.358805031997193	2	NA	1.93896685635701	1.99738058446687	2.05406795197837
"235"	1	55	"pp"	0	-0.19398226947375	-0.0188731880357878	0.153307990245604	0	NA	-0.277968433948138	-0.0672207916344799	0.146542514182094	0	NA	-0.0511349707330236	0.161033577536358	0.379543062033626	2	NA	1.93892221156946	1.99646225400302	2.05370643777831
"236"	1	56	"pp"	0	-0.257598353221603	-0.082553760764227	0.0899647117541769	0	NA	-0.0879235470662848	0.127820836781556	0.341732468569504	0	NA	-0.217607714175036	-0.00224725355789795	0.204376016777524	2	NA	1.94159488244865	1.9994743263794	2.05445046872323
"237"	1	57	"pp"	0	-0.270674611523468	-0.0871221543810515	0.0926863002343979	0	NA	-0.13544749467238	0.0790193603046565	0.311346569058156	0	NA	-0.0861184874014578	0.134918299766174	0.377272329477828	2	NA	1.94444948315535	2.00186957233929	2.05666305105086
"238"	1	58	"pp"	0	-0.249183334173332	-0.0700274161250058	0.118816141098283	0	NA	-0.12052711563458	0.111543103481951	0.333877181573807	0	NA	-0.177072901663158	0.0445400579418294	0.266572904902814	2	NA	1.94568451122593	2.00014586224155	2.05494039678968
"239"	1	59	"pp"	0	-0.223163355778591	-0.0544181140474548	0.116925635304883	0	NA	-0.257553217405847	-0.0440198018133948	0.176564502038738	0	NA	-0.125875093759115	0.0783452258797014	0.291810256249978	2	NA	1.94301897966636	1.99812823061283	2.0525242108588
"240"	1	60	"pp"	0	-0.232354558108983	-0.0610966359998765	0.10255925894392	0	NA	-0.246822593978247	-0.0349796060506274	0.182302499913789	0	NA	-0.0266068410994973	0.173868856149075	0.381867411127395	2	NA	1.93707139862847	1.991534074437	2.04577297406226
